0,-0.15,-0.15;
0,-0.15,-0.116667;
0,-0.15,-0.0833333;
0,-0.15,-0.05;
0,-0.15,-0.0166667;
0,-0.15,0.0166667;
0,-0.15,0.05;
0,-0.15,0.0833333;
0,-0.15,0.116667;
0,-0.15,0.15;
0,-0.116667,-0.15;
0,-0.116667,-0.116667;
0,-0.116667,-0.0833333;
0,-0.116667,-0.05;
0,-0.116667,-0.0166667;
0,-0.116667,0.0166667;
0,-0.116667,0.05;
0,-0.116667,0.0833333;
0,-0.116667,0.116667;
0,-0.116667,0.15;
0,-0.0833333,-0.15;
0,-0.0833333,-0.116667;
0,-0.0833333,-0.0833333;
0,-0.0833333,-0.05;
0,-0.0833333,-0.0166667;
0,-0.0833333,0.0166667;
0,-0.0833333,0.05;
0,-0.0833333,0.0833333;
0,-0.0833333,0.116667;
0,-0.0833333,0.15;
0,-0.05,-0.15;
0,-0.05,-0.116667;
0,-0.05,-0.0833333;
0,-0.05,-0.05;
0,-0.05,-0.0166667;
0,-0.05,0.0166667;
0,-0.05,0.05;
0,-0.05,0.0833333;
0,-0.05,0.116667;
0,-0.05,0.15;
0,-0.0166667,-0.15;
0,-0.0166667,-0.116667;
0,-0.0166667,-0.0833333;
0,-0.0166667,-0.05;
0,-0.0166667,-0.0166667;
0,-0.0166667,0.0166667;
0,-0.0166667,0.05;
0,-0.0166667,0.0833333;
0,-0.0166667,0.116667;
0,-0.0166667,0.15;
0,0.0166667,-0.15;
0,0.0166667,-0.116667;
0,0.0166667,-0.0833333;
0,0.0166667,-0.05;
0,0.0166667,-0.0166667;
0,0.0166667,0.0166667;
0,0.0166667,0.05;
0,0.0166667,0.0833333;
0,0.0166667,0.116667;
0,0.0166667,0.15;
0,0.05,-0.15;
0,0.05,-0.116667;
0,0.05,-0.0833333;
0,0.05,-0.05;
0,0.05,-0.0166667;
0,0.05,0.0166667;
0,0.05,0.05;
0,0.05,0.0833333;
0,0.05,0.116667;
0,0.05,0.15;
0,0.0833333,-0.15;
0,0.0833333,-0.116667;
0,0.0833333,-0.0833333;
0,0.0833333,-0.05;
0,0.0833333,-0.0166667;
0,0.0833333,0.0166667;
0,0.0833333,0.05;
0,0.0833333,0.0833333;
0,0.0833333,0.116667;
0,0.0833333,0.15;
0,0.116667,-0.15;
0,0.116667,-0.116667;
0,0.116667,-0.0833333;
0,0.116667,-0.05;
0,0.116667,-0.0166667;
0,0.116667,0.0166667;
0,0.116667,0.05;
0,0.116667,0.0833333;
0,0.116667,0.116667;
0,0.116667,0.15;
0,0.15,-0.15;
0,0.15,-0.116667;
0,0.15,-0.0833333;
0,0.15,-0.05;
0,0.15,-0.0166667;
0,0.15,0.0166667;
0,0.15,0.05;
0,0.15,0.0833333;
0,0.15,0.116667;
0,0.15,0.15;
1,0,0;
2,-0.0936483,0.141767;
2,-0.0828259,0.117132;
2,-0.0704636,0.0932313;
2,-0.056611,0.0701628;
2,-0.041324,0.0480189;
2,-0.024664,0.0268885;
2,-0.00669793,0.00685682;
2,0.0125018,-0.0119957;
2,0.032858,-0.0295932;
2,0.0542888,-0.045865;
2,0.076708,-0.0607454;
2,0.100025,-0.0741747;
2,0.124147,-0.0860989;
2,0.148976,-0.09647;
3,-0.14043,-0.140387;
3,-0.127383,-0.127311;
3,-0.114336,-0.114235;
3,-0.101289,-0.10116;
3,-0.0882422,-0.0880839;
3,-0.0751953,-0.0750082;
3,-0.0621485,-0.0619326;
3,-0.0491016,-0.0488569;
3,-0.0360547,-0.0357813;
3,-0.0230078,-0.0227056;
3,-0.00996096,-0.00962996;
3,0.00308591,0.0034457;
3,0.0161328,0.0165214;
3,0.0291797,0.029597;
3,0.0422265,0.0426727;
3,0.0552734,0.0557483;
3,0.0683203,0.068824;
3,0.0813672,0.0818996;
3,0.094414,0.0949753;
3,0.107461,0.108051;
3,0.120508,0.121127;
3,0.133555,0.134202;
3,0.146602,0.147278;
4,-0.145893,-0.0840979;
4,-0.13387,-0.102786;
4,-0.121846,-0.121475;
4,-0.109822,-0.140163;
4,-0.124401,-0.0654587;
4,-0.107602,-0.0800051;
4,-0.0908019,-0.0945515;
4,-0.0740022,-0.109098;
4,-0.0572025,-0.123644;
4,-0.109028,-0.0415217;
4,-0.0888117,-0.0507488;
4,-0.0685957,-0.0599759;
4,-0.0483796,-0.0692029;
4,-0.0281636,-0.07843;
4,-0.101017,-0.0142243;
4,-0.0790206,-0.0173853;
4,-0.0570243,-0.0205462;
4,-0.101017,0.0142243;
4,-0.0790206,0.0173853;
4,-0.0570243,0.0205462;
4,-0.109028,0.0415217;
4,-0.0888117,0.0507488;
4,-0.0685957,0.0599759;
4,-0.0483796,0.0692029;
4,-0.0281636,0.07843;
4,-0.124401,0.0654587;
4,-0.107602,0.0800051;
4,-0.0908019,0.0945515;
4,-0.0740022,0.109098;
4,-0.0572025,0.123644;
4,-0.145893,0.0840979;
4,-0.13387,0.102786;
4,-0.121846,0.121475;
4,-0.109822,0.140163;
5,-0.0688889,-0.09;
5,-0.0688889,-0.0628571;
5,-0.0688889,-0.0357143;
5,-0.0688889,-0.00857143;
5,-0.0688889,0.0185714;
5,-0.0688889,0.0457143;
5,-0.0688889,0.0728571;
5,-0.0688889,0.1;
5,-0.0477778,-0.09;
5,-0.0477778,-0.0628571;
5,-0.0477778,-0.0357143;
5,-0.0477778,-0.00857143;
5,-0.0477778,0.0185714;
5,-0.0477778,0.0457143;
5,-0.0477778,0.0728571;
5,-0.0477778,0.1;
5,-0.0266667,-0.09;
5,-0.0266667,-0.0628571;
5,-0.00555556,-0.09;
5,-0.00555556,-0.0628571;
5,0.0155556,-0.09;
5,0.0155556,-0.0628571;
5,0.0366667,-0.09;
5,0.0366667,-0.0628571;
5,0.0577778,-0.09;
5,0.0577778,-0.0628571;
5,0.0577778,-0.0357143;
5,0.0577778,-0.00857143;
5,0.0577778,0.0185714;
5,0.0577778,0.0457143;
5,0.0577778,0.0728571;
5,0.0577778,0.1;
5,0.0788889,-0.09;
5,0.0788889,-0.0628571;
5,0.0788889,-0.0357143;
5,0.0788889,-0.00857143;
5,0.0788889,0.0185714;
5,0.0788889,0.0457143;
5,0.0788889,0.0728571;
5,0.0788889,0.1;
5,0.1,-0.09;
5,0.1,-0.0628571;
5,0.1,-0.0357143;
5,0.1,-0.00857143;
5,0.1,0.0185714;
5,0.1,0.0457143;
5,0.1,0.0728571;
5,0.1,0.1;
