0,-0.15,-0.15;
0,-0.15,-0.116667;
0,-0.15,-0.0833333;
0,-0.15,-0.05;
0,-0.15,-0.0166667;
0,-0.15,0.0166667;
0,-0.15,0.05;
0,-0.15,0.0833333;
0,-0.15,0.116667;
0,-0.15,0.15;
0,-0.116667,-0.15;
0,-0.116667,-0.116667;
0,-0.116667,-0.0833333;
0,-0.116667,-0.05;
0,-0.116667,-0.0166667;
0,-0.116667,0.0166667;
0,-0.116667,0.05;
0,-0.116667,0.0833333;
0,-0.116667,0.116667;
0,-0.116667,0.15;
0,-0.0833333,-0.15;
0,-0.0833333,-0.116667;
0,-0.0833333,-0.0833333;
0,-0.0833333,-0.05;
0,-0.0833333,-0.0166667;
0,-0.0833333,0.0166667;
0,-0.0833333,0.05;
0,-0.0833333,0.0833333;
0,-0.0833333,0.116667;
0,-0.0833333,0.15;
0,-0.05,-0.15;
0,-0.05,-0.116667;
0,-0.05,-0.0833333;
0,-0.05,-0.05;
0,-0.05,-0.0166667;
0,-0.05,0.0166667;
0,-0.05,0.05;
0,-0.05,0.0833333;
0,-0.05,0.116667;
0,-0.05,0.15;
0,-0.0166667,-0.15;
0,-0.0166667,-0.116667;
0,-0.0166667,-0.0833333;
0,-0.0166667,-0.05;
0,-0.0166667,-0.0166667;
0,-0.0166667,0.0166667;
0,-0.0166667,0.05;
0,-0.0166667,0.0833333;
0,-0.0166667,0.116667;
0,-0.0166667,0.15;
0,0.0166667,-0.15;
0,0.0166667,-0.116667;
0,0.0166667,-0.0833333;
0,0.0166667,-0.05;
0,0.0166667,-0.0166667;
0,0.0166667,0.0166667;
0,0.0166667,0.05;
0,0.0166667,0.0833333;
0,0.0166667,0.116667;
0,0.0166667,0.15;
0,0.05,-0.15;
0,0.05,-0.116667;
0,0.05,-0.0833333;
0,0.05,-0.05;
0,0.05,-0.0166667;
0,0.05,0.0166667;
0,0.05,0.05;
0,0.05,0.0833333;
0,0.05,0.116667;
0,0.05,0.15;
0,0.0833333,-0.15;
0,0.0833333,-0.116667;
0,0.0833333,-0.0833333;
0,0.0833333,-0.05;
0,0.0833333,-0.0166667;
0,0.0833333,0.0166667;
0,0.0833333,0.05;
0,0.0833333,0.0833333;
0,0.0833333,0.116667;
0,0.0833333,0.15;
0,0.116667,-0.15;
0,0.116667,-0.116667;
0,0.116667,-0.0833333;
0,0.116667,-0.05;
0,0.116667,-0.0166667;
0,0.116667,0.0166667;
0,0.116667,0.05;
0,0.116667,0.0833333;
0,0.116667,0.116667;
0,0.116667,0.15;
0,0.15,-0.15;
0,0.15,-0.116667;
0,0.15,-0.0833333;
0,0.15,-0.05;
0,0.15,-0.0166667;
0,0.15,0.0166667;
0,0.15,0.05;
0,0.15,0.0833333;
0,0.15,0.116667;
0,0.15,0.15;
1,0,0;
2,-0.0971526,0.146997;
2,-0.0859287,0.121447;
2,-0.0731077,0.0966602;
2,-0.0587413,0.0727359;
2,-0.0428871,0.0497704;
2,-0.025609,0.0278561;
2,-0.00697639,0.00708124;
2,0.0129356,-0.0124707;
2,0.0340471,-0.0307211;
2,0.056273,-0.0475965;
2,0.0795239,-0.063029;
2,0.103706,-0.0769566;
2,0.128723,-0.0893231;
3,0.140408,0.140408;
3,0.127347,0.127347;
3,0.114285,0.114286;
3,0.101224,0.101225;
3,0.0881626,0.0881634;
3,0.0751013,0.0751022;
3,0.0620399,0.062041;
3,0.0489786,0.0489798;
3,0.0359172,0.0359186;
3,0.0228559,0.0228574;
3,0.00979454,0.00979619;
3,-0.0032668,-0.00326501;
3,-0.0163281,-0.0163262;
3,-0.0293895,-0.0293874;
3,-0.0424508,-0.0424486;
3,-0.0555122,-0.0555098;
3,-0.0685735,-0.068571;
3,-0.0816349,-0.0816322;
3,-0.0946962,-0.0946934;
3,-0.107758,-0.107755;
3,-0.120819,-0.120816;
3,-0.13388,-0.133877;
3,-0.146942,-0.146938;
4,-0.145893,-0.0840979;
4,-0.13387,-0.102786;
4,-0.121846,-0.121475;
4,-0.109822,-0.140163;
4,-0.124401,-0.0654587;
4,-0.107602,-0.0800051;
4,-0.0908019,-0.0945515;
4,-0.0740022,-0.109098;
4,-0.0572025,-0.123644;
4,-0.109028,-0.0415217;
4,-0.0888117,-0.0507488;
4,-0.0685957,-0.0599759;
4,-0.0483796,-0.0692029;
4,-0.0281636,-0.07843;
4,-0.101017,-0.0142243;
4,-0.0790206,-0.0173853;
4,-0.0570243,-0.0205462;
4,-0.101017,0.0142243;
4,-0.0790206,0.0173853;
4,-0.0570243,0.0205462;
4,-0.109028,0.0415217;
4,-0.0888117,0.0507488;
4,-0.0685957,0.0599759;
4,-0.0483796,0.0692029;
4,-0.0281636,0.07843;
4,-0.124401,0.0654587;
4,-0.107602,0.0800051;
4,-0.0908019,0.0945515;
4,-0.0740022,0.109098;
4,-0.0572025,0.123644;
4,-0.145893,0.0840979;
4,-0.13387,0.102786;
4,-0.121846,0.121475;
4,-0.109822,0.140163;
5,-0.0688889,-0.09;
5,-0.0688889,-0.0628571;
5,-0.0688889,-0.0357143;
5,-0.0688889,-0.00857143;
5,-0.0688889,0.0185714;
5,-0.0688889,0.0457143;
5,-0.0688889,0.0728571;
5,-0.0688889,0.1;
5,-0.0477778,-0.09;
5,-0.0477778,-0.0628571;
5,-0.0477778,-0.0357143;
5,-0.0477778,-0.00857143;
5,-0.0477778,0.0185714;
5,-0.0477778,0.0457143;
5,-0.0477778,0.0728571;
5,-0.0477778,0.1;
5,-0.0266667,-0.09;
5,-0.0266667,-0.0628571;
5,-0.00555556,-0.09;
5,-0.00555556,-0.0628571;
5,0.0155556,-0.09;
5,0.0155556,-0.0628571;
5,0.0366667,-0.09;
5,0.0366667,-0.0628571;
5,0.0577778,-0.09;
5,0.0577778,-0.0628571;
5,0.0577778,-0.0357143;
5,0.0577778,-0.00857143;
5,0.0577778,0.0185714;
5,0.0577778,0.0457143;
5,0.0577778,0.0728571;
5,0.0577778,0.1;
5,0.0788889,-0.09;
5,0.0788889,-0.0628571;
5,0.0788889,-0.0357143;
5,0.0788889,-0.00857143;
5,0.0788889,0.0185714;
5,0.0788889,0.0457143;
5,0.0788889,0.0728571;
5,0.0788889,0.1;
5,0.1,-0.09;
5,0.1,-0.0628571;
5,0.1,-0.0357143;
5,0.1,-0.00857143;
5,0.1,0.0185714;
5,0.1,0.0457143;
5,0.1,0.0728571;
5,0.1,0.1;
