0,-0.15,-0.15;
0,-0.15,-0.116667;
0,-0.15,-0.0833333;
0,-0.15,-0.05;
0,-0.15,-0.0166667;
0,-0.15,0.0166667;
0,-0.15,0.05;
0,-0.15,0.0833333;
0,-0.15,0.116667;
0,-0.15,0.15;
0,-0.116667,-0.15;
0,-0.116667,-0.116667;
0,-0.116667,-0.0833333;
0,-0.116667,-0.05;
0,-0.116667,-0.0166667;
0,-0.116667,0.0166667;
0,-0.116667,0.05;
0,-0.116667,0.0833333;
0,-0.116667,0.116667;
0,-0.116667,0.15;
0,-0.0833333,-0.15;
0,-0.0833333,-0.116667;
0,-0.0833333,-0.0833333;
0,-0.0833333,-0.05;
0,-0.0833333,-0.0166667;
0,-0.0833333,0.0166667;
0,-0.0833333,0.05;
0,-0.0833333,0.0833333;
0,-0.0833333,0.116667;
0,-0.0833333,0.15;
0,-0.05,-0.15;
0,-0.05,-0.116667;
0,-0.05,-0.0833333;
0,-0.05,-0.05;
0,-0.05,-0.0166667;
0,-0.05,0.0166667;
0,-0.05,0.05;
0,-0.05,0.0833333;
0,-0.05,0.116667;
0,-0.05,0.15;
0,-0.0166667,-0.15;
0,-0.0166667,-0.116667;
0,-0.0166667,-0.0833333;
0,-0.0166667,-0.05;
0,-0.0166667,-0.0166667;
0,-0.0166667,0.0166667;
0,-0.0166667,0.05;
0,-0.0166667,0.0833333;
0,-0.0166667,0.116667;
0,-0.0166667,0.15;
0,0.0166667,-0.15;
0,0.0166667,-0.116667;
0,0.0166667,-0.0833333;
0,0.0166667,-0.05;
0,0.0166667,-0.0166667;
0,0.0166667,0.0166667;
0,0.0166667,0.05;
0,0.0166667,0.0833333;
0,0.0166667,0.116667;
0,0.0166667,0.15;
0,0.05,-0.15;
0,0.05,-0.116667;
0,0.05,-0.0833333;
0,0.05,-0.05;
0,0.05,-0.0166667;
0,0.05,0.0166667;
0,0.05,0.05;
0,0.05,0.0833333;
0,0.05,0.116667;
0,0.05,0.15;
0,0.0833333,-0.15;
0,0.0833333,-0.116667;
0,0.0833333,-0.0833333;
0,0.0833333,-0.05;
0,0.0833333,-0.0166667;
0,0.0833333,0.0166667;
0,0.0833333,0.05;
0,0.0833333,0.0833333;
0,0.0833333,0.116667;
0,0.0833333,0.15;
0,0.116667,-0.15;
0,0.116667,-0.116667;
0,0.116667,-0.0833333;
0,0.116667,-0.05;
0,0.116667,-0.0166667;
0,0.116667,0.0166667;
0,0.116667,0.05;
0,0.116667,0.0833333;
0,0.116667,0.116667;
0,0.116667,0.15;
0,0.15,-0.15;
0,0.15,-0.116667;
0,0.15,-0.0833333;
0,0.15,-0.05;
0,0.15,-0.0166667;
0,0.15,0.0166667;
0,0.15,0.05;
0,0.15,0.0833333;
0,0.15,0.116667;
0,0.15,0.15;
1,0,0;
