0,-0.15,-0.15;
0,-0.15,-0.116667;
0,-0.15,-0.0833333;
0,-0.15,-0.05;
0,-0.15,-0.0166667;
0,-0.15,0.0166667;
0,-0.15,0.05;
0,-0.15,0.0833333;
0,-0.15,0.116667;
0,-0.15,0.15;
0,-0.116667,-0.15;
0,-0.116667,-0.116667;
0,-0.116667,-0.0833333;
0,-0.116667,-0.05;
0,-0.116667,-0.0166667;
0,-0.116667,0.0166667;
0,-0.116667,0.05;
0,-0.116667,0.0833333;
0,-0.116667,0.116667;
0,-0.116667,0.15;
0,-0.0833333,-0.15;
0,-0.0833333,-0.116667;
0,-0.0833333,-0.0833333;
0,-0.0833333,-0.05;
0,-0.0833333,-0.0166667;
0,-0.0833333,0.0166667;
0,-0.0833333,0.05;
0,-0.0833333,0.0833333;
0,-0.0833333,0.116667;
0,-0.0833333,0.15;
0,-0.05,-0.15;
0,-0.05,-0.116667;
0,-0.05,-0.0833333;
0,-0.05,-0.05;
0,-0.05,-0.0166667;
0,-0.05,0.0166667;
0,-0.05,0.05;
0,-0.05,0.0833333;
0,-0.05,0.116667;
0,-0.05,0.15;
0,-0.0166667,-0.15;
0,-0.0166667,-0.116667;
0,-0.0166667,-0.0833333;
0,-0.0166667,-0.05;
0,-0.0166667,-0.0166667;
0,-0.0166667,0.0166667;
0,-0.0166667,0.05;
0,-0.0166667,0.0833333;
0,-0.0166667,0.116667;
0,-0.0166667,0.15;
0,0.0166667,-0.15;
0,0.0166667,-0.116667;
0,0.0166667,-0.0833333;
0,0.0166667,-0.05;
0,0.0166667,-0.0166667;
0,0.0166667,0.0166667;
0,0.0166667,0.05;
0,0.0166667,0.0833333;
0,0.0166667,0.116667;
0,0.0166667,0.15;
0,0.05,-0.15;
0,0.05,-0.116667;
0,0.05,-0.0833333;
0,0.05,-0.05;
0,0.05,-0.0166667;
0,0.05,0.0166667;
0,0.05,0.05;
0,0.05,0.0833333;
0,0.05,0.116667;
0,0.05,0.15;
0,0.0833333,-0.15;
0,0.0833333,-0.116667;
0,0.0833333,-0.0833333;
0,0.0833333,-0.05;
0,0.0833333,-0.0166667;
0,0.0833333,0.0166667;
0,0.0833333,0.05;
0,0.0833333,0.0833333;
0,0.0833333,0.116667;
0,0.0833333,0.15;
0,0.116667,-0.15;
0,0.116667,-0.116667;
0,0.116667,-0.0833333;
0,0.116667,-0.05;
0,0.116667,-0.0166667;
0,0.116667,0.0166667;
0,0.116667,0.05;
0,0.116667,0.0833333;
0,0.116667,0.116667;
0,0.116667,0.15;
0,0.15,-0.15;
0,0.15,-0.116667;
0,0.15,-0.0833333;
0,0.15,-0.05;
0,0.15,-0.0166667;
0,0.15,0.0166667;
0,0.15,0.05;
0,0.15,0.0833333;
0,0.15,0.116667;
0,0.15,0.15;
1,0,0;
2,-0.0971526,0.146997;
2,-0.0859287,0.121447;
2,-0.0731077,0.0966602;
2,-0.0587413,0.0727359;
2,-0.0428871,0.0497704;
2,-0.025609,0.0278561;
2,-0.00697639,0.00708124;
2,0.0129356,-0.0124707;
2,0.0340471,-0.0307211;
2,0.056273,-0.0475965;
2,0.0795239,-0.063029;
2,0.103706,-0.0769566;
2,0.128723,-0.0893231;
3,0.140408,0.140408;
3,0.127347,0.127347;
3,0.114285,0.114286;
3,0.101224,0.101225;
3,0.0881626,0.0881634;
3,0.0751013,0.0751022;
3,0.0620399,0.062041;
3,0.0489786,0.0489798;
3,0.0359172,0.0359186;
3,0.0228559,0.0228574;
3,0.00979454,0.00979619;
3,-0.0032668,-0.00326501;
3,-0.0163281,-0.0163262;
3,-0.0293895,-0.0293874;
3,-0.0424508,-0.0424486;
3,-0.0555122,-0.0555098;
3,-0.0685735,-0.068571;
3,-0.0816349,-0.0816322;
3,-0.0946962,-0.0946934;
3,-0.107758,-0.107755;
3,-0.120819,-0.120816;
3,-0.13388,-0.133877;
3,-0.146942,-0.146938;
4,0.1,-4.5111e-07;
4,0.07,-5.30718e-07;
4,0.04,-6.10326e-07;
4,0.01,-6.89933e-07;
4,0.106304,-0.0458658;
4,0.0774167,-0.0539598;
4,0.0485292,-0.0620538;
4,0.0196417,-0.0701478;
4,-0.00924582,-0.0782417;
4,-0.0381333,-0.0863357;
4,0.124749,-0.0883296;
4,0.0991163,-0.103917;
4,0.0734838,-0.119505;
4,0.0478513,-0.135092;
4,0.0222187,-0.15068;
4,0.13349,-0.146167;
4,0.13349,0.146167;
4,0.124749,0.0883296;
4,0.0991163,0.103917;
4,0.0734838,0.119505;
4,0.0478513,0.135092;
4,0.0222187,0.15068;
4,0.106304,0.0458658;
4,0.0774167,0.0539598;
4,0.0485292,0.0620538;
4,0.0196417,0.0701478;
4,-0.00924582,0.0782417;
4,-0.0381333,0.0863357;
4,0.1,4.5111e-07;
4,0.07,5.30718e-07;
4,0.04,6.10326e-07;
4,0.01,6.89933e-07;
5,-0.0666667,-0.1;
5,-0.0666667,-0.08;
5,-0.0666667,-0.06;
5,-0.0666667,-0.04;
5,-0.0666667,-0.02;
5,-0.0666667,0;
5,-0.0666667,0.02;
5,-0.0666667,0.04;
5,-0.0666667,0.06;
5,-0.0666667,0.08;
5,-0.0666667,0.1;
5,-0.05,-0.1;
5,-0.05,-0.08;
5,-0.05,-0.06;
5,-0.05,-0.04;
5,-0.05,-0.02;
5,-0.05,0;
5,-0.05,0.02;
5,-0.05,0.04;
5,-0.05,0.06;
5,-0.05,0.08;
5,-0.05,0.1;
5,-0.0333333,-0.1;
5,-0.0333333,-0.08;
5,-0.0333333,-0.06;
5,-0.0333333,-0.04;
5,-0.0166667,-0.1;
5,-0.0166667,-0.08;
5,-0.0166667,-0.06;
5,-0.0166667,-0.04;
5,0,-0.1;
5,0,-0.08;
5,0,-0.06;
5,0,-0.04;
5,0,-0.02;
5,0,0;
5,0.0166667,-0.1;
5,0.0166667,-0.08;
5,0.0166667,-0.06;
5,0.0166667,-0.04;
5,0.0333333,-0.1;
5,0.0333333,-0.08;
5,0.0333333,-0.06;
5,0.0333333,-0.04;
5,0.05,-0.1;
5,0.05,-0.08;
5,0.05,-0.06;
5,0.05,-0.04;
5,0.05,-0.02;
5,0.05,0;
5,0.05,0.02;
5,0.05,0.04;
5,0.05,0.06;
5,0.05,0.08;
5,0.05,0.1;
5,0.0666667,-0.1;
5,0.0666667,-0.08;
5,0.0666667,-0.06;
5,0.0666667,-0.04;
5,0.0666667,-0.02;
5,0.0666667,0;
5,0.0666667,0.02;
5,0.0666667,0.04;
5,0.0666667,0.06;
5,0.0666667,0.08;
5,0.0666667,0.1;
5,0.0833333,-0.1;
5,0.0833333,-0.08;
5,0.0833333,-0.06;
5,0.0833333,-0.04;
5,0.0833333,-0.02;
5,0.0833333,0;
5,0.0833333,0.02;
5,0.0833333,0.04;
5,0.0833333,0.06;
5,0.0833333,0.08;
5,0.0833333,0.1;
5,0.1,-0.1;
5,0.1,-0.08;
5,0.1,-0.06;
5,0.1,-0.04;
5,0.1,-0.02;
5,0.1,0;
5,0.1,0.02;
5,0.1,0.04;
5,0.1,0.06;
5,0.1,0.08;
5,0.1,0.1;
