0

-0.21,-0.21,
-0.22,-0.22,
0

-0.214767,-0.214588,
0

-0.21,-0.21,
-0.22,0.18,
0

-0.22028,0.187011,
0

-0.21,-0.21,
0.18,-0.22,
0

0.190497,-0.22,
0

-0.21,-0.21,
0.18,0.18,
0

0.18086,0.18,
0

-0.21,0.21,
-0.22,-0.22,
0

-0.220157,-0.22533,
0

-0.21,0.21,
-0.22,0.18,
0

-0.216437,0.189919,
0

-0.21,0.21,
0.18,-0.22,
0

0.17967,-0.22,
0

-0.21,0.21,
0.18,0.18,
0

0.189959,0.18,
0

0.21,-0.21,
-0.22,-0.22,
0

-0.228592,-0.22,
0

0.21,-0.21,
-0.22,0.18,
0

-0.21964,0.18,
0

0.21,-0.21,
0.18,-0.22,
0

0.192431,-0.216923,
0

0.21,-0.21,
0.18,0.18,
0

0.179368,0.186954,
0

0.21,0.21,
-0.22,-0.22,
0

-0.2186,-0.220002,
0

0.21,0.21,
-0.22,0.18,
0

-0.228424,0.18,
0

0.21,0.21,
0.18,-0.22,
0

0.179573,-0.225295,
0

0.21,0.21,
0.18,0.18,
0

0.187373,0.187371,
1
0.2,0.2,

-0.22,-0.22,
1
0.2,0.2,

1
0.2,0.2,

-0.22,0.18,
1
0.2,0.2,

1
0.2,0.2,

0.18,-0.22,
1
0.2,0.2,

1
0.2,0.2,

0.18,0.18,
1
0.2,0.2,

2
-0.2,-0.2,0.3,
-2.356,
-0.22,-0.22,
2
-0.2,-0.2,0.3,
-2.35618,
2
-0.2,-0.2,0.3,
-2.356,
-0.22,0.18,
2
-0.2,-0.2,0.3,
1.62338,
2
-0.2,-0.2,0.3,
-2.356,
0.18,-0.22,
2
-0.2,-0.2,0.3,
-0.0525829,
2
-0.2,-0.2,0.3,
-2.356,
0.18,0.18,
2
-0.2,-0.2,0.3,
0.785432,
2
-0.2,-0.2,0.3,
0,
-0.22,-0.22,
2
-0.2,-0.2,0.3,
-2.30166,
2
-0.2,-0.2,0.3,
0,
-0.22,0.18,
2
-0.2,-0.2,0.3,
1.62339,
2
-0.2,-0.2,0.3,
0,
0.18,-0.22,
2
-0.2,-0.2,0.3,
-0.0525829,
2
-0.2,-0.2,0.3,
0,
0.18,0.18,
2
-0.2,-0.2,0.3,
0.785403,
2
-0.2,-0.2,0.3,
2.356,
-0.22,-0.22,
2
-0.2,-0.2,0.3,
-2.37276,
2
-0.2,-0.2,0.3,
2.356,
-0.22,0.18,
2
-0.2,-0.2,0.3,
1.62338,
2
-0.2,-0.2,0.3,
2.356,
0.18,-0.22,
2
-0.2,-0.2,0.3,
-0.0525805,
2
-0.2,-0.2,0.3,
2.356,
0.18,0.18,
2
-0.2,-0.2,0.3,
0.785389,
2
-0.2,-0.2,0.5,
-2.356,
-0.22,-0.22,
2
-0.2,-0.2,0.5,
-2.35616,
2
-0.2,-0.2,0.5,
-2.356,
-0.22,0.18,
2
-0.2,-0.2,0.5,
1.62338,
2
-0.2,-0.2,0.5,
-2.356,
0.18,-0.22,
2
-0.2,-0.2,0.5,
-0.052583,
2
-0.2,-0.2,0.5,
-2.356,
0.18,0.18,
2
-0.2,-0.2,0.5,
0.785398,
2
-0.2,-0.2,0.5,
0,
-0.22,-0.22,
2
-0.2,-0.2,0.5,
-1.94962,
2
-0.2,-0.2,0.5,
0,
-0.22,0.18,
2
-0.2,-0.2,0.5,
1.62338,
2
-0.2,-0.2,0.5,
0,
0.18,-0.22,
2
-0.2,-0.2,0.5,
-0.0525833,
2
-0.2,-0.2,0.5,
0,
0.18,0.18,
2
-0.2,-0.2,0.5,
0.785398,
2
-0.2,-0.2,0.5,
2.356,
-0.22,-0.22,
2
-0.2,-0.2,0.5,
-2.51484,
2
-0.2,-0.2,0.5,
2.356,
-0.22,0.18,
2
-0.2,-0.2,0.5,
1.62338,
2
-0.2,-0.2,0.5,
2.356,
0.18,-0.22,
2
-0.2,-0.2,0.5,
-0.052583,
2
-0.2,-0.2,0.5,
2.356,
0.18,0.18,
2
-0.2,-0.2,0.5,
0.785399,
2
-0.2,0.2,0.3,
-2.356,
-0.22,-0.22,
2
-0.2,0.2,0.3,
-1.61838,
2
-0.2,0.2,0.3,
-2.356,
-0.22,0.18,
2
-0.2,0.2,0.3,
-2.35618,
2
-0.2,0.2,0.3,
-2.356,
0.18,-0.22,
2
-0.2,0.2,0.3,
-0.835355,
2
-0.2,0.2,0.3,
-2.356,
0.18,0.18,
2
-0.2,0.2,0.3,
-0.0525829,
2
-0.2,0.2,0.3,
0,
-0.22,-0.22,
2
-0.2,0.2,0.3,
-1.61838,
2
-0.2,0.2,0.3,
0,
-0.22,0.18,
2
-0.2,0.2,0.3,
-2.30166,
2
-0.2,0.2,0.3,
0,
0.18,-0.22,
2
-0.2,0.2,0.3,
-0.835356,
2
-0.2,0.2,0.3,
0,
0.18,0.18,
2
-0.2,0.2,0.3,
-0.0525828,
2
-0.2,0.2,0.3,
2.356,
-0.22,-0.22,
2
-0.2,0.2,0.3,
-1.61837,
2
-0.2,0.2,0.3,
2.356,
-0.22,0.18,
2
-0.2,0.2,0.3,
-2.37276,
2
-0.2,0.2,0.3,
2.356,
0.18,-0.22,
2
-0.2,0.2,0.3,
-0.835395,
2
-0.2,0.2,0.3,
2.356,
0.18,0.18,
2
-0.2,0.2,0.3,
-0.0525805,
2
-0.2,0.2,0.5,
-2.356,
-0.22,-0.22,
2
-0.2,0.2,0.5,
-1.61838,
2
-0.2,0.2,0.5,
-2.356,
-0.22,0.18,
2
-0.2,0.2,0.5,
-2.35617,
2
-0.2,0.2,0.5,
-2.356,
0.18,-0.22,
2
-0.2,0.2,0.5,
-0.835357,
2
-0.2,0.2,0.5,
-2.356,
0.18,0.18,
2
-0.2,0.2,0.5,
-0.052583,
2
-0.2,0.2,0.5,
0,
-0.22,-0.22,
2
-0.2,0.2,0.5,
-1.61838,
2
-0.2,0.2,0.5,
0,
-0.22,0.18,
2
-0.2,0.2,0.5,
-1.94962,
2
-0.2,0.2,0.5,
0,
0.18,-0.22,
2
-0.2,0.2,0.5,
-0.835356,
2
-0.2,0.2,0.5,
0,
0.18,0.18,
2
-0.2,0.2,0.5,
-0.0525832,
2
-0.2,0.2,0.5,
2.356,
-0.22,-0.22,
2
-0.2,0.2,0.5,
-1.61838,
2
-0.2,0.2,0.5,
2.356,
-0.22,0.18,
2
-0.2,0.2,0.5,
-2.51484,
2
-0.2,0.2,0.5,
2.356,
0.18,-0.22,
2
-0.2,0.2,0.5,
-0.835357,
2
-0.2,0.2,0.5,
2.356,
0.18,0.18,
2
-0.2,0.2,0.5,
-0.0525831,
2
0.2,-0.2,0.3,
-2.356,
-0.22,-0.22,
2
0.2,-0.2,0.3,
-3.09401,
2
0.2,-0.2,0.3,
-2.356,
-0.22,0.18,
2
0.2,-0.2,0.3,
2.40615,
2
0.2,-0.2,0.3,
-2.356,
0.18,-0.22,
2
0.2,-0.2,0.3,
-2.35618,
2
0.2,-0.2,0.3,
-2.356,
0.18,0.18,
2
0.2,-0.2,0.3,
1.62338,
2
0.2,-0.2,0.3,
0,
-0.22,-0.22,
2
0.2,-0.2,0.3,
-3.09396,
2
0.2,-0.2,0.3,
0,
-0.22,0.18,
2
0.2,-0.2,0.3,
2.40617,
2
0.2,-0.2,0.3,
0,
0.18,-0.22,
2
0.2,-0.2,0.3,
-2.30166,
2
0.2,-0.2,0.3,
0,
0.18,0.18,
2
0.2,-0.2,0.3,
1.62339,
2
0.2,-0.2,0.3,
2.356,
-0.22,-0.22,
2
0.2,-0.2,0.3,
-3.09401,
2
0.2,-0.2,0.3,
2.356,
-0.22,0.18,
2
0.2,-0.2,0.3,
2.40615,
2
0.2,-0.2,0.3,
2.356,
0.18,-0.22,
2
0.2,-0.2,0.3,
-2.37276,
2
0.2,-0.2,0.3,
2.356,
0.18,0.18,
2
0.2,-0.2,0.3,
1.62338,
2
0.2,-0.2,0.5,
-2.356,
-0.22,-0.22,
2
0.2,-0.2,0.5,
-3.09401,
2
0.2,-0.2,0.5,
-2.356,
-0.22,0.18,
2
0.2,-0.2,0.5,
2.40615,
2
0.2,-0.2,0.5,
-2.356,
0.18,-0.22,
2
0.2,-0.2,0.5,
-2.35617,
2
0.2,-0.2,0.5,
-2.356,
0.18,0.18,
2
0.2,-0.2,0.5,
1.62338,
2
0.2,-0.2,0.5,
0,
-0.22,-0.22,
2
0.2,-0.2,0.5,
-3.09401,
2
0.2,-0.2,0.5,
0,
-0.22,0.18,
2
0.2,-0.2,0.5,
2.40615,
2
0.2,-0.2,0.5,
0,
0.18,-0.22,
2
0.2,-0.2,0.5,
-1.94962,
2
0.2,-0.2,0.5,
0,
0.18,0.18,
2
0.2,-0.2,0.5,
1.62338,
2
0.2,-0.2,0.5,
2.356,
-0.22,-0.22,
2
0.2,-0.2,0.5,
-3.09401,
2
0.2,-0.2,0.5,
2.356,
-0.22,0.18,
2
0.2,-0.2,0.5,
2.40615,
2
0.2,-0.2,0.5,
2.356,
0.18,-0.22,
2
0.2,-0.2,0.5,
-2.51484,
2
0.2,-0.2,0.5,
2.356,
0.18,0.18,
2
0.2,-0.2,0.5,
1.62338,
2
0.2,0.2,0.3,
-2.356,
-0.22,-0.22,
2
0.2,0.2,0.3,
-2.35619,
2
0.2,0.2,0.3,
-2.356,
-0.22,0.18,
2
0.2,0.2,0.3,
-3.09401,
2
0.2,0.2,0.3,
-2.356,
0.18,-0.22,
2
0.2,0.2,0.3,
-1.61838,
2
0.2,0.2,0.3,
-2.356,
0.18,0.18,
2
0.2,0.2,0.3,
-2.35619,
2
0.2,0.2,0.3,
0,
-0.22,-0.22,
2
0.2,0.2,0.3,
-2.35619,
2
0.2,0.2,0.3,
0,
-0.22,0.18,
2
0.2,0.2,0.3,
-3.09396,
2
0.2,0.2,0.3,
0,
0.18,-0.22,
2
0.2,0.2,0.3,
-1.61838,
2
0.2,0.2,0.3,
0,
0.18,0.18,
2
0.2,0.2,0.3,
-2.30166,
2
0.2,0.2,0.3,
2.356,
-0.22,-0.22,
2
0.2,0.2,0.3,
-2.3562,
2
0.2,0.2,0.3,
2.356,
-0.22,0.18,
2
0.2,0.2,0.3,
-3.09401,
2
0.2,0.2,0.3,
2.356,
0.18,-0.22,
2
0.2,0.2,0.3,
-1.61837,
2
0.2,0.2,0.3,
2.356,
0.18,0.18,
2
0.2,0.2,0.3,
-2.37276,
2
0.2,0.2,0.5,
-2.356,
-0.22,-0.22,
2
0.2,0.2,0.5,
-2.35619,
2
0.2,0.2,0.5,
-2.356,
-0.22,0.18,
2
0.2,0.2,0.5,
-3.09401,
2
0.2,0.2,0.5,
-2.356,
0.18,-0.22,
2
0.2,0.2,0.5,
-1.61838,
2
0.2,0.2,0.5,
-2.356,
0.18,0.18,
2
0.2,0.2,0.5,
-2.35618,
2
0.2,0.2,0.5,
0,
-0.22,-0.22,
2
0.2,0.2,0.5,
-2.35619,
2
0.2,0.2,0.5,
0,
-0.22,0.18,
2
0.2,0.2,0.5,
-3.09401,
2
0.2,0.2,0.5,
0,
0.18,-0.22,
2
0.2,0.2,0.5,
-1.61838,
2
0.2,0.2,0.5,
0,
0.18,0.18,
2
0.2,0.2,0.5,
-1.94962,
2
0.2,0.2,0.5,
2.356,
-0.22,-0.22,
2
0.2,0.2,0.5,
-2.35619,
2
0.2,0.2,0.5,
2.356,
-0.22,0.18,
2
0.2,0.2,0.5,
-3.09401,
2
0.2,0.2,0.5,
2.356,
0.18,-0.22,
2
0.2,0.2,0.5,
-1.61838,
2
0.2,0.2,0.5,
2.356,
0.18,0.18,
2
0.2,0.2,0.5,
-2.51484,
3
-0.2,-0.2,-2.356,
-0.2,
-0.22,-0.22,
3
-0.2,-0.2,-2.356,
0.0282854,
3
-0.2,-0.2,-2.356,
-0.2,
-0.22,0.18,
3
-0.2,-0.2,-2.356,
-0.236243,
3
-0.2,-0.2,-2.356,
-0.2,
0.18,-0.22,
3
-0.2,-0.2,-2.356,
-0.27288,
3
-0.2,-0.2,-2.356,
-0.2,
0.18,0.18,
3
-0.2,-0.2,-2.356,
-0.537408,
3
-0.2,-0.2,-2.356,
0,
-0.22,-0.22,
3
-0.2,-0.2,-2.356,
0.0282851,
3
-0.2,-0.2,-2.356,
0,
-0.22,0.18,
3
-0.2,-0.2,-2.356,
-0.236243,
3
-0.2,-0.2,-2.356,
0,
0.18,-0.22,
3
-0.2,-0.2,-2.356,
-0.27288,
3
-0.2,-0.2,-2.356,
0,
0.18,0.18,
3
-0.2,-0.2,-2.356,
-0.537408,
3
-0.2,-0.2,-2.356,
0.2,
-0.22,-0.22,
3
-0.2,-0.2,-2.356,
0.0282849,
3
-0.2,-0.2,-2.356,
0.2,
-0.22,0.18,
3
-0.2,-0.2,-2.356,
-0.236243,
3
-0.2,-0.2,-2.356,
0.2,
0.18,-0.22,
3
-0.2,-0.2,-2.356,
-0.27288,
3
-0.2,-0.2,-2.356,
0.2,
0.18,0.18,
3
-0.2,-0.2,-2.356,
-0.537408,
3
-0.2,-0.2,0,
-0.2,
-0.22,-0.22,
3
-0.2,-0.2,0,
-0.0200001,
3
-0.2,-0.2,0,
-0.2,
-0.22,0.18,
3
-0.2,-0.2,0,
-0.0200001,
3
-0.2,-0.2,0,
-0.2,
0.18,-0.22,
3
-0.2,-0.2,0,
0.38,
3
-0.2,-0.2,0,
-0.2,
0.18,0.18,
3
-0.2,-0.2,0,
0.38,
3
-0.2,-0.2,0,
0,
-0.22,-0.22,
3
-0.2,-0.2,0,
-0.0200002,
3
-0.2,-0.2,0,
0,
-0.22,0.18,
3
-0.2,-0.2,0,
-0.0200002,
3
-0.2,-0.2,0,
0,
0.18,-0.22,
3
-0.2,-0.2,0,
0.38,
3
-0.2,-0.2,0,
0,
0.18,0.18,
3
-0.2,-0.2,0,
0.38,
3
-0.2,-0.2,0,
0.2,
-0.22,-0.22,
3
-0.2,-0.2,0,
-0.0199999,
3
-0.2,-0.2,0,
0.2,
-0.22,0.18,
3
-0.2,-0.2,0,
-0.0199999,
3
-0.2,-0.2,0,
0.2,
0.18,-0.22,
3
-0.2,-0.2,0,
0.38,
3
-0.2,-0.2,0,
0.2,
0.18,0.18,
3
-0.2,-0.2,0,
0.38,
3
-0.2,-0.2,2.356,
-0.2,
-0.22,-0.22,
3
-0.2,-0.2,2.356,
0.00183206,
3
-0.2,-0.2,2.356,
-0.2,
-0.22,0.18,
3
-0.2,-0.2,2.356,
0.26636,
3
-0.2,-0.2,2.356,
-0.2,
0.18,-0.22,
3
-0.2,-0.2,2.356,
-0.299333,
3
-0.2,-0.2,2.356,
-0.2,
0.18,0.18,
3
-0.2,-0.2,2.356,
-0.0348048,
3
-0.2,-0.2,2.356,
0,
-0.22,-0.22,
3
-0.2,-0.2,2.356,
0.00183168,
3
-0.2,-0.2,2.356,
0,
-0.22,0.18,
3
-0.2,-0.2,2.356,
0.26636,
3
-0.2,-0.2,2.356,
0,
0.18,-0.22,
3
-0.2,-0.2,2.356,
-0.299333,
3
-0.2,-0.2,2.356,
0,
0.18,0.18,
3
-0.2,-0.2,2.356,
-0.0348049,
3
-0.2,-0.2,2.356,
0.2,
-0.22,-0.22,
3
-0.2,-0.2,2.356,
0.00183154,
3
-0.2,-0.2,2.356,
0.2,
-0.22,0.18,
3
-0.2,-0.2,2.356,
0.26636,
3
-0.2,-0.2,2.356,
0.2,
0.18,-0.22,
3
-0.2,-0.2,2.356,
-0.299332,
3
-0.2,-0.2,2.356,
0.2,
0.18,0.18,
3
-0.2,-0.2,2.356,
-0.0348054,
3
-0.2,0.2,-2.356,
-0.2,
-0.22,-0.22,
3
-0.2,0.2,-2.356,
0.292812,
3
-0.2,0.2,-2.356,
-0.2,
-0.22,0.18,
3
-0.2,0.2,-2.356,
0.0282854,
3
-0.2,0.2,-2.356,
-0.2,
0.18,-0.22,
3
-0.2,0.2,-2.356,
-0.00835192,
3
-0.2,0.2,-2.356,
-0.2,
0.18,0.18,
3
-0.2,0.2,-2.356,
-0.272879,
3
-0.2,0.2,-2.356,
0,
-0.22,-0.22,
3
-0.2,0.2,-2.356,
0.292812,
3
-0.2,0.2,-2.356,
0,
-0.22,0.18,
3
-0.2,0.2,-2.356,
0.0282852,
3
-0.2,0.2,-2.356,
0,
0.18,-0.22,
3
-0.2,0.2,-2.356,
-0.00835194,
3
-0.2,0.2,-2.356,
0,
0.18,0.18,
3
-0.2,0.2,-2.356,
-0.272881,
3
-0.2,0.2,-2.356,
0.2,
-0.22,-0.22,
3
-0.2,0.2,-2.356,
0.292813,
3
-0.2,0.2,-2.356,
0.2,
-0.22,0.18,
3
-0.2,0.2,-2.356,
0.028285,
3
-0.2,0.2,-2.356,
0.2,
0.18,-0.22,
3
-0.2,0.2,-2.356,
-0.00835201,
3
-0.2,0.2,-2.356,
0.2,
0.18,0.18,
3
-0.2,0.2,-2.356,
-0.27288,
3
-0.2,0.2,0,
-0.2,
-0.22,-0.22,
3
-0.2,0.2,0,
-0.0200001,
3
-0.2,0.2,0,
-0.2,
-0.22,0.18,
3
-0.2,0.2,0,
-0.0200001,
3
-0.2,0.2,0,
-0.2,
0.18,-0.22,
3
-0.2,0.2,0,
0.38,
3
-0.2,0.2,0,
-0.2,
0.18,0.18,
3
-0.2,0.2,0,
0.38,
3
-0.2,0.2,0,
0,
-0.22,-0.22,
3
-0.2,0.2,0,
-0.0200002,
3
-0.2,0.2,0,
0,
-0.22,0.18,
3
-0.2,0.2,0,
-0.0200002,
3
-0.2,0.2,0,
0,
0.18,-0.22,
3
-0.2,0.2,0,
0.38,
3
-0.2,0.2,0,
0,
0.18,0.18,
3
-0.2,0.2,0,
0.38,
3
-0.2,0.2,0,
0.2,
-0.22,-0.22,
3
-0.2,0.2,0,
-0.0199999,
3
-0.2,0.2,0,
0.2,
-0.22,0.18,
3
-0.2,0.2,0,
-0.0199999,
3
-0.2,0.2,0,
0.2,
0.18,-0.22,
3
-0.2,0.2,0,
0.38,
3
-0.2,0.2,0,
0.2,
0.18,0.18,
3
-0.2,0.2,0,
0.38,
3
-0.2,0.2,2.356,
-0.2,
-0.22,-0.22,
3
-0.2,0.2,2.356,
-0.262696,
3
-0.2,0.2,2.356,
-0.2,
-0.22,0.18,
3
-0.2,0.2,2.356,
0.00183202,
3
-0.2,0.2,2.356,
-0.2,
0.18,-0.22,
3
-0.2,0.2,2.356,
-0.563861,
3
-0.2,0.2,2.356,
-0.2,
0.18,0.18,
3
-0.2,0.2,2.356,
-0.299333,
3
-0.2,0.2,2.356,
0,
-0.22,-0.22,
3
-0.2,0.2,2.356,
-0.262696,
3
-0.2,0.2,2.356,
0,
-0.22,0.18,
3
-0.2,0.2,2.356,
0.00183168,
3
-0.2,0.2,2.356,
0,
0.18,-0.22,
3
-0.2,0.2,2.356,
-0.563861,
3
-0.2,0.2,2.356,
0,
0.18,0.18,
3
-0.2,0.2,2.356,
-0.299333,
3
-0.2,0.2,2.356,
0.2,
-0.22,-0.22,
3
-0.2,0.2,2.356,
-0.262696,
3
-0.2,0.2,2.356,
0.2,
-0.22,0.18,
3
-0.2,0.2,2.356,
0.00183154,
3
-0.2,0.2,2.356,
0.2,
0.18,-0.22,
3
-0.2,0.2,2.356,
-0.56386,
3
-0.2,0.2,2.356,
0.2,
0.18,0.18,
3
-0.2,0.2,2.356,
-0.299333,
3
0.2,-0.2,-2.356,
-0.2,
-0.22,-0.22,
3
0.2,-0.2,-2.356,
0.329449,
3
0.2,-0.2,-2.356,
-0.2,
-0.22,0.18,
3
0.2,-0.2,-2.356,
0.0649223,
3
0.2,-0.2,-2.356,
-0.2,
0.18,-0.22,
3
0.2,-0.2,-2.356,
0.028285,
3
0.2,-0.2,-2.356,
-0.2,
0.18,0.18,
3
0.2,-0.2,-2.356,
-0.236243,
3
0.2,-0.2,-2.356,
0,
-0.22,-0.22,
3
0.2,-0.2,-2.356,
0.329449,
3
0.2,-0.2,-2.356,
0,
-0.22,0.18,
3
0.2,-0.2,-2.356,
0.0649219,
3
0.2,-0.2,-2.356,
0,
0.18,-0.22,
3
0.2,-0.2,-2.356,
0.028285,
3
0.2,-0.2,-2.356,
0,
0.18,0.18,
3
0.2,-0.2,-2.356,
-0.236243,
3
0.2,-0.2,-2.356,
0.2,
-0.22,-0.22,
3
0.2,-0.2,-2.356,
0.32945,
3
0.2,-0.2,-2.356,
0.2,
-0.22,0.18,
3
0.2,-0.2,-2.356,
0.0649219,
3
0.2,-0.2,-2.356,
0.2,
0.18,-0.22,
3
0.2,-0.2,-2.356,
0.0282849,
3
0.2,-0.2,-2.356,
0.2,
0.18,0.18,
3
0.2,-0.2,-2.356,
-0.236243,
3
0.2,-0.2,0,
-0.2,
-0.22,-0.22,
3
0.2,-0.2,0,
-0.42,
3
0.2,-0.2,0,
-0.2,
-0.22,0.18,
3
0.2,-0.2,0,
-0.42,
3
0.2,-0.2,0,
-0.2,
0.18,-0.22,
3
0.2,-0.2,0,
-0.0199999,
3
0.2,-0.2,0,
-0.2,
0.18,0.18,
3
0.2,-0.2,0,
-0.0199999,
3
0.2,-0.2,0,
0,
-0.22,-0.22,
3
0.2,-0.2,0,
-0.42,
3
0.2,-0.2,0,
0,
-0.22,0.18,
3
0.2,-0.2,0,
-0.42,
3
0.2,-0.2,0,
0,
0.18,-0.22,
3
0.2,-0.2,0,
-0.0200001,
3
0.2,-0.2,0,
0,
0.18,0.18,
3
0.2,-0.2,0,
-0.0200001,
3
0.2,-0.2,0,
0.2,
-0.22,-0.22,
3
0.2,-0.2,0,
-0.42,
3
0.2,-0.2,0,
0.2,
-0.22,0.18,
3
0.2,-0.2,0,
-0.42,
3
0.2,-0.2,0,
0.2,
0.18,-0.22,
3
0.2,-0.2,0,
-0.0200001,
3
0.2,-0.2,0,
0.2,
0.18,0.18,
3
0.2,-0.2,0,
-0.0200001,
3
0.2,-0.2,2.356,
-0.2,
-0.22,-0.22,
3
0.2,-0.2,2.356,
0.302997,
3
0.2,-0.2,2.356,
-0.2,
-0.22,0.18,
3
0.2,-0.2,2.356,
0.567524,
3
0.2,-0.2,2.356,
-0.2,
0.18,-0.22,
3
0.2,-0.2,2.356,
0.00183193,
3
0.2,-0.2,2.356,
-0.2,
0.18,0.18,
3
0.2,-0.2,2.356,
0.26636,
3
0.2,-0.2,2.356,
0,
-0.22,-0.22,
3
0.2,-0.2,2.356,
0.302997,
3
0.2,-0.2,2.356,
0,
-0.22,0.18,
3
0.2,-0.2,2.356,
0.567525,
3
0.2,-0.2,2.356,
0,
0.18,-0.22,
3
0.2,-0.2,2.356,
0.00183157,
3
0.2,-0.2,2.356,
0,
0.18,0.18,
3
0.2,-0.2,2.356,
0.26636,
3
0.2,-0.2,2.356,
0.2,
-0.22,-0.22,
3
0.2,-0.2,2.356,
0.302997,
3
0.2,-0.2,2.356,
0.2,
-0.22,0.18,
3
0.2,-0.2,2.356,
0.567525,
3
0.2,-0.2,2.356,
0.2,
0.18,-0.22,
3
0.2,-0.2,2.356,
0.00183151,
3
0.2,-0.2,2.356,
0.2,
0.18,0.18,
3
0.2,-0.2,2.356,
0.26636,
3
0.2,0.2,-2.356,
-0.2,
-0.22,-0.22,
3
0.2,0.2,-2.356,
0.593977,
3
0.2,0.2,-2.356,
-0.2,
-0.22,0.18,
3
0.2,0.2,-2.356,
0.32945,
3
0.2,0.2,-2.356,
-0.2,
0.18,-0.22,
3
0.2,0.2,-2.356,
0.292813,
3
0.2,0.2,-2.356,
-0.2,
0.18,0.18,
3
0.2,0.2,-2.356,
0.0282853,
3
0.2,0.2,-2.356,
0,
-0.22,-0.22,
3
0.2,0.2,-2.356,
0.593977,
3
0.2,0.2,-2.356,
0,
-0.22,0.18,
3
0.2,0.2,-2.356,
0.32945,
3
0.2,0.2,-2.356,
0,
0.18,-0.22,
3
0.2,0.2,-2.356,
0.292813,
3
0.2,0.2,-2.356,
0,
0.18,0.18,
3
0.2,0.2,-2.356,
0.0282851,
3
0.2,0.2,-2.356,
0.2,
-0.22,-0.22,
3
0.2,0.2,-2.356,
0.593977,
3
0.2,0.2,-2.356,
0.2,
-0.22,0.18,
3
0.2,0.2,-2.356,
0.329449,
3
0.2,0.2,-2.356,
0.2,
0.18,-0.22,
3
0.2,0.2,-2.356,
0.292812,
3
0.2,0.2,-2.356,
0.2,
0.18,0.18,
3
0.2,0.2,-2.356,
0.0282851,
3
0.2,0.2,0,
-0.2,
-0.22,-0.22,
3
0.2,0.2,0,
-0.42,
3
0.2,0.2,0,
-0.2,
-0.22,0.18,
3
0.2,0.2,0,
-0.42,
3
0.2,0.2,0,
-0.2,
0.18,-0.22,
3
0.2,0.2,0,
-0.0199999,
3
0.2,0.2,0,
-0.2,
0.18,0.18,
3
0.2,0.2,0,
-0.0199999,
3
0.2,0.2,0,
0,
-0.22,-0.22,
3
0.2,0.2,0,
-0.42,
3
0.2,0.2,0,
0,
-0.22,0.18,
3
0.2,0.2,0,
-0.42,
3
0.2,0.2,0,
0,
0.18,-0.22,
3
0.2,0.2,0,
-0.0200001,
3
0.2,0.2,0,
0,
0.18,0.18,
3
0.2,0.2,0,
-0.0200001,
3
0.2,0.2,0,
0.2,
-0.22,-0.22,
3
0.2,0.2,0,
-0.42,
3
0.2,0.2,0,
0.2,
-0.22,0.18,
3
0.2,0.2,0,
-0.42,
3
0.2,0.2,0,
0.2,
0.18,-0.22,
3
0.2,0.2,0,
-0.0200001,
3
0.2,0.2,0,
0.2,
0.18,0.18,
3
0.2,0.2,0,
-0.0200001,
3
0.2,0.2,2.356,
-0.2,
-0.22,-0.22,
3
0.2,0.2,2.356,
0.0384695,
3
0.2,0.2,2.356,
-0.2,
-0.22,0.18,
3
0.2,0.2,2.356,
0.302997,
3
0.2,0.2,2.356,
-0.2,
0.18,-0.22,
3
0.2,0.2,2.356,
-0.262696,
3
0.2,0.2,2.356,
-0.2,
0.18,0.18,
3
0.2,0.2,2.356,
0.00183201,
3
0.2,0.2,2.356,
0,
-0.22,-0.22,
3
0.2,0.2,2.356,
0.038469,
3
0.2,0.2,2.356,
0,
-0.22,0.18,
3
0.2,0.2,2.356,
0.302997,
3
0.2,0.2,2.356,
0,
0.18,-0.22,
3
0.2,0.2,2.356,
-0.262696,
3
0.2,0.2,2.356,
0,
0.18,0.18,
3
0.2,0.2,2.356,
0.00183157,
3
0.2,0.2,2.356,
0.2,
-0.22,-0.22,
3
0.2,0.2,2.356,
0.0384689,
3
0.2,0.2,2.356,
0.2,
-0.22,0.18,
3
0.2,0.2,2.356,
0.302997,
3
0.2,0.2,2.356,
0.2,
0.18,-0.22,
3
0.2,0.2,2.356,
-0.262696,
3
0.2,0.2,2.356,
0.2,
0.18,0.18,
3
0.2,0.2,2.356,
0.0018314,
4
-0.6,0,0.3,0,0.2,
-2,0,
-0.22,-0.22,
4
-0.6,0,0.3,0,0.2,
-0.524796,0.13909,
4
-0.6,0,0.3,0,0.2,
-2,0,
-0.22,0.18,
4
-0.6,0,0.3,0,0.2,
0.442374,0.120476,
4
-0.6,0,0.3,0,0.2,
-2,0,
0.18,-0.22,
4
-0.6,0,0.3,0,0.2,
-0.27491,0.510432,
4
-0.6,0,0.3,0,0.2,
-2,0,
0.18,0.18,
4
-0.6,0,0.3,0,0.2,
0.226799,0.5005,
4
-0.6,0,0.3,0,0.2,
-2,0.1,
-0.22,-0.22,
4
-0.6,0,0.3,0,0.2,
-0.524796,0.13909,
4
-0.6,0,0.3,0,0.2,
-2,0.1,
-0.22,0.18,
4
-0.6,0,0.3,0,0.2,
0.442374,0.120476,
4
-0.6,0,0.3,0,0.2,
-2,0.1,
0.18,-0.22,
4
-0.6,0,0.3,0,0.2,
-0.27491,0.510432,
4
-0.6,0,0.3,0,0.2,
-2,0.1,
0.18,0.18,
4
-0.6,0,0.3,0,0.2,
0.226799,0.5005,
4
-0.6,0,0.3,0,0.2,
-2,0.2,
-0.22,-0.22,
4
-0.6,0,0.3,0,0.2,
-0.524796,0.13909,
4
-0.6,0,0.3,0,0.2,
-2,0.2,
-0.22,0.18,
4
-0.6,0,0.3,0,0.2,
0.442374,0.120476,
4
-0.6,0,0.3,0,0.2,
-2,0.2,
0.18,-0.22,
4
-0.6,0,0.3,0,0.2,
-0.27491,0.510432,
4
-0.6,0,0.3,0,0.2,
-2,0.2,
0.18,0.18,
4
-0.6,0,0.3,0,0.2,
0.226799,0.5005,
4
-0.6,0,0.3,0,0.2,
-1.5,0,
-0.22,-0.22,
4
-0.6,0,0.3,0,0.2,
-0.524796,0.13909,
4
-0.6,0,0.3,0,0.2,
-1.5,0,
-0.22,0.18,
4
-0.6,0,0.3,0,0.2,
0.442374,0.120476,
4
-0.6,0,0.3,0,0.2,
-1.5,0,
0.18,-0.22,
4
-0.6,0,0.3,0,0.2,
-0.27491,0.510432,
4
-0.6,0,0.3,0,0.2,
-1.5,0,
0.18,0.18,
4
-0.6,0,0.3,0,0.2,
0.226799,0.5005,
4
-0.6,0,0.3,0,0.2,
-1.5,0.1,
-0.22,-0.22,
4
-0.6,0,0.3,0,0.2,
-0.524796,0.13909,
4
-0.6,0,0.3,0,0.2,
-1.5,0.1,
-0.22,0.18,
4
-0.6,0,0.3,0,0.2,
0.442374,0.120476,
4
-0.6,0,0.3,0,0.2,
-1.5,0.1,
0.18,-0.22,
4
-0.6,0,0.3,0,0.2,
-0.27491,0.510432,
4
-0.6,0,0.3,0,0.2,
-1.5,0.1,
0.18,0.18,
4
-0.6,0,0.3,0,0.2,
0.226799,0.5005,
4
-0.6,0,0.3,0,0.2,
-1.5,0.2,
-0.22,-0.22,
4
-0.6,0,0.3,0,0.2,
-0.524796,0.13909,
4
-0.6,0,0.3,0,0.2,
-1.5,0.2,
-0.22,0.18,
4
-0.6,0,0.3,0,0.2,
0.442374,0.120476,
4
-0.6,0,0.3,0,0.2,
-1.5,0.2,
0.18,-0.22,
4
-0.6,0,0.3,0,0.2,
-0.27491,0.510432,
4
-0.6,0,0.3,0,0.2,
-1.5,0.2,
0.18,0.18,
4
-0.6,0,0.3,0,0.2,
-0.0588436,0.490987,
4
-0.6,0,0.3,0,0.2,
-1,0,
-0.22,-0.22,
4
-0.6,0,0.3,0,0.2,
-0.524796,0.13909,
4
-0.6,0,0.3,0,0.2,
-1,0,
-0.22,0.18,
4
-0.6,0,0.3,0,0.2,
0.442374,0.120476,
4
-0.6,0,0.3,0,0.2,
-1,0,
0.18,-0.22,
4
-0.6,0,0.3,0,0.2,
-0.27491,0.510432,
4
-0.6,0,0.3,0,0.2,
-1,0,
0.18,0.18,
4
-0.6,0,0.3,0,0.2,
0.226799,0.5005,
4
-0.6,0,0.3,0,0.2,
-1,0.1,
-0.22,-0.22,
4
-0.6,0,0.3,0,0.2,
-0.524796,0.13909,
4
-0.6,0,0.3,0,0.2,
-1,0.1,
-0.22,0.18,
4
-0.6,0,0.3,0,0.2,
0.442374,0.120476,
4
-0.6,0,0.3,0,0.2,
-1,0.1,
0.18,-0.22,
4
-0.6,0,0.3,0,0.2,
-0.27491,0.510432,
4
-0.6,0,0.3,0,0.2,
-1,0.1,
0.18,0.18,
4
-0.6,0,0.3,0,0.2,
-0.0588436,0.490987,
4
-0.6,0,0.3,0,0.2,
-1,0.2,
-0.22,-0.22,
4
-0.6,0,0.3,0,0.2,
-0.524796,0.13909,
4
-0.6,0,0.3,0,0.2,
-1,0.2,
-0.22,0.18,
4
-0.6,0,0.3,0,0.2,
0.442374,0.120476,
4
-0.6,0,0.3,0,0.2,
-1,0.2,
0.18,-0.22,
4
-0.6,0,0.3,0,0.2,
-0.27491,0.510432,
4
-0.6,0,0.3,0,0.2,
-1,0.2,
0.18,0.18,
4
-0.6,0,0.3,0,0.2,
0.226799,0.5005,
4
-0.6,0,0.3,0,0.2,
-0.5,0,
-0.22,-0.22,
4
-0.6,0,0.3,0,0.2,
-0.524796,0.13909,
4
-0.6,0,0.3,0,0.2,
-0.5,0,
-0.22,0.18,
4
-0.6,0,0.3,0,0.2,
0.442374,0.120476,
4
-0.6,0,0.3,0,0.2,
-0.5,0,
0.18,-0.22,
4
-0.6,0,0.3,0,0.2,
-0.27491,0.510432,
4
-0.6,0,0.3,0,0.2,
-0.5,0,
0.18,0.18,
4
-0.6,0,0.3,0,0.2,
0.00200363,0.201008,
4
-0.6,0,0.3,0,0.2,
-0.5,0.1,
-0.22,-0.22,
4
-0.6,0,0.3,0,0.2,
-0.524796,0.13909,
4
-0.6,0,0.3,0,0.2,
-0.5,0.1,
-0.22,0.18,
4
-0.6,0,0.3,0,0.2,
0.442374,0.120476,
4
-0.6,0,0.3,0,0.2,
-0.5,0.1,
0.18,-0.22,
4
-0.6,0,0.3,0,0.2,
-0.27491,0.510432,
4
-0.6,0,0.3,0,0.2,
-0.5,0.1,
0.18,0.18,
4
-0.6,0,0.3,0,0.2,
0.226799,0.5005,
4
-0.6,0,0.3,0,0.2,
-0.5,0.2,
-0.22,-0.22,
4
-0.6,0,0.3,0,0.2,
-0.524796,0.13909,
4
-0.6,0,0.3,0,0.2,
-0.5,0.2,
-0.22,0.18,
4
-0.6,0,0.3,0,0.2,
0.442374,0.120476,
4
-0.6,0,0.3,0,0.2,
-0.5,0.2,
0.18,-0.22,
4
-0.6,0,0.3,0,0.2,
-0.27491,0.510432,
4
-0.6,0,0.3,0,0.2,
-0.5,0.2,
0.18,0.18,
4
-0.6,0,0.3,0,0.2,
0.226799,0.5005,
4
-0.6,0,0.3,0,0.2,
0,0,
-0.22,-0.22,
4
-0.6,0,0.3,0,0.2,
-0.524796,0.13909,
4
-0.6,0,0.3,0,0.2,
0,0,
-0.22,0.18,
4
-0.6,0,0.3,0,0.2,
0.442374,0.120476,
4
-0.6,0,0.3,0,0.2,
0,0,
0.18,-0.22,
4
-0.6,0,0.3,0,0.2,
-0.27491,0.510432,
4
-0.6,0,0.3,0,0.2,
0,0,
0.18,0.18,
4
-0.6,0,0.3,0,0.2,
0.226799,0.5005,
4
-0.6,0,0.3,0,0.2,
0,0.1,
-0.22,-0.22,
4
-0.6,0,0.3,0,0.2,
-0.524796,0.13909,
4
-0.6,0,0.3,0,0.2,
0,0.1,
-0.22,0.18,
4
-0.6,0,0.3,0,0.2,
0.442374,0.120476,
4
-0.6,0,0.3,0,0.2,
0,0.1,
0.18,-0.22,
4
-0.6,0,0.3,0,0.2,
-0.27491,0.510432,
4
-0.6,0,0.3,0,0.2,
0,0.1,
0.18,0.18,
4
-0.6,0,0.3,0,0.2,
0.226799,0.5005,
4
-0.6,0,0.3,0,0.2,
0,0.2,
-0.22,-0.22,
4
-0.6,0,0.3,0,0.2,
-0.524796,0.13909,
4
-0.6,0,0.3,0,0.2,
0,0.2,
-0.22,0.18,
4
-0.6,0,0.3,0,0.2,
0.442374,0.120476,
4
-0.6,0,0.3,0,0.2,
0,0.2,
0.18,-0.22,
4
-0.6,0,0.3,0,0.2,
-0.00201235,0.201,
4
-0.6,0,0.3,0,0.2,
0,0.2,
0.18,0.18,
4
-0.6,0,0.3,0,0.2,
0.00200664,0.200999,
4
-0.6,0,0.3,0,0.2,
0.5,0,
-0.22,-0.22,
4
-0.6,0,0.3,0,0.2,
-0.524796,0.13909,
4
-0.6,0,0.3,0,0.2,
0.5,0,
-0.22,0.18,
4
-0.6,0,0.3,0,0.2,
0.442374,0.120476,
4
-0.6,0,0.3,0,0.2,
0.5,0,
0.18,-0.22,
4
-0.6,0,0.3,0,0.2,
-0.27491,0.510432,
4
-0.6,0,0.3,0,0.2,
0.5,0,
0.18,0.18,
4
-0.6,0,0.3,0,0.2,
0.226799,0.5005,
4
-0.6,0,0.3,0,0.2,
0.5,0.1,
-0.22,-0.22,
4
-0.6,0,0.3,0,0.2,
-0.524796,0.13909,
4
-0.6,0,0.3,0,0.2,
0.5,0.1,
-0.22,0.18,
4
-0.6,0,0.3,0,0.2,
0.442374,0.120476,
4
-0.6,0,0.3,0,0.2,
0.5,0.1,
0.18,-0.22,
4
-0.6,0,0.3,0,0.2,
0.0551733,0.492306,
4
-0.6,0,0.3,0,0.2,
0.5,0.1,
0.18,0.18,
4
-0.6,0,0.3,0,0.2,
0.226799,0.5005,
4
-0.6,0,0.3,0,0.2,
0.5,0.2,
-0.22,-0.22,
4
-0.6,0,0.3,0,0.2,
-0.524796,0.13909,
4
-0.6,0,0.3,0,0.2,
0.5,0.2,
-0.22,0.18,
4
-0.6,0,0.3,0,0.2,
0.442374,0.120476,
4
-0.6,0,0.3,0,0.2,
0.5,0.2,
0.18,-0.22,
4
-0.6,0,0.3,0,0.2,
0.055172,0.492306,
4
-0.6,0,0.3,0,0.2,
0.5,0.2,
0.18,0.18,
4
-0.6,0,0.3,0,0.2,
0.226799,0.5005,
4
-0.6,0,0.3,0,0.2,
1,0,
-0.22,-0.22,
4
-0.6,0,0.3,0,0.2,
-0.524796,0.13909,
4
-0.6,0,0.3,0,0.2,
1,0,
-0.22,0.18,
4
-0.6,0,0.3,0,0.2,
0.442374,0.120476,
4
-0.6,0,0.3,0,0.2,
1,0,
0.18,-0.22,
4
-0.6,0,0.3,0,0.2,
-0.27491,0.510432,
4
-0.6,0,0.3,0,0.2,
1,0,
0.18,0.18,
4
-0.6,0,0.3,0,0.2,
0.226799,0.5005,
4
-0.6,0,0.3,0,0.2,
1,0.1,
-0.22,-0.22,
4
-0.6,0,0.3,0,0.2,
-0.524796,0.13909,
4
-0.6,0,0.3,0,0.2,
1,0.1,
-0.22,0.18,
4
-0.6,0,0.3,0,0.2,
0.442374,0.120476,
4
-0.6,0,0.3,0,0.2,
1,0.1,
0.18,-0.22,
4
-0.6,0,0.3,0,0.2,
-0.00199426,0.201009,
4
-0.6,0,0.3,0,0.2,
1,0.1,
0.18,0.18,
4
-0.6,0,0.3,0,0.2,
0.226799,0.5005,
4
-0.6,0,0.3,0,0.2,
1,0.2,
-0.22,-0.22,
4
-0.6,0,0.3,0,0.2,
-0.524796,0.13909,
4
-0.6,0,0.3,0,0.2,
1,0.2,
-0.22,0.18,
4
-0.6,0,0.3,0,0.2,
0.442374,0.120476,
4
-0.6,0,0.3,0,0.2,
1,0.2,
0.18,-0.22,
4
-0.6,0,0.3,0,0.2,
-0.27491,0.510432,
4
-0.6,0,0.3,0,0.2,
1,0.2,
0.18,0.18,
4
-0.6,0,0.3,0,0.2,
0.226799,0.5005,
4
-0.6,0,0.3,0,0.2,
1.5,0,
-0.22,-0.22,
4
-0.6,0,0.3,0,0.2,
-0.524796,0.13909,
4
-0.6,0,0.3,0,0.2,
1.5,0,
-0.22,0.18,
4
-0.6,0,0.3,0,0.2,
0.442374,0.120476,
4
-0.6,0,0.3,0,0.2,
1.5,0,
0.18,-0.22,
4
-0.6,0,0.3,0,0.2,
-0.27491,0.510432,
4
-0.6,0,0.3,0,0.2,
1.5,0,
0.18,0.18,
4
-0.6,0,0.3,0,0.2,
0.226799,0.5005,
4
-0.6,0,0.3,0,0.2,
1.5,0.1,
-0.22,-0.22,
4
-0.6,0,0.3,0,0.2,
-0.524796,0.13909,
4
-0.6,0,0.3,0,0.2,
1.5,0.1,
-0.22,0.18,
4
-0.6,0,0.3,0,0.2,
0.442374,0.120476,
4
-0.6,0,0.3,0,0.2,
1.5,0.1,
0.18,-0.22,
4
-0.6,0,0.3,0,0.2,
-0.27491,0.510432,
4
-0.6,0,0.3,0,0.2,
1.5,0.1,
0.18,0.18,
4
-0.6,0,0.3,0,0.2,
0.226799,0.5005,
4
-0.6,0,0.3,0,0.2,
1.5,0.2,
-0.22,-0.22,
4
-0.6,0,0.3,0,0.2,
-0.524796,0.13909,
4
-0.6,0,0.3,0,0.2,
1.5,0.2,
-0.22,0.18,
4
-0.6,0,0.3,0,0.2,
0.442374,0.120476,
4
-0.6,0,0.3,0,0.2,
1.5,0.2,
0.18,-0.22,
4
-0.6,0,0.3,0,0.2,
-0.27491,0.510432,
4
-0.6,0,0.3,0,0.2,
1.5,0.2,
0.18,0.18,
4
-0.6,0,0.3,0,0.2,
0.226799,0.5005,
4
-0.6,0,0.3,0,0.2,
2,0,
-0.22,-0.22,
4
-0.6,0,0.3,0,0.2,
-0.524796,0.13909,
4
-0.6,0,0.3,0,0.2,
2,0,
-0.22,0.18,
4
-0.6,0,0.3,0,0.2,
0.442374,0.120476,
4
-0.6,0,0.3,0,0.2,
2,0,
0.18,-0.22,
4
-0.6,0,0.3,0,0.2,
-0.27491,0.510432,
4
-0.6,0,0.3,0,0.2,
2,0,
0.18,0.18,
4
-0.6,0,0.3,0,0.2,
0.226799,0.5005,
4
-0.6,0,0.3,0,0.2,
2,0.1,
-0.22,-0.22,
4
-0.6,0,0.3,0,0.2,
-0.524796,0.13909,
4
-0.6,0,0.3,0,0.2,
2,0.1,
-0.22,0.18,
4
-0.6,0,0.3,0,0.2,
0.442374,0.120476,
4
-0.6,0,0.3,0,0.2,
2,0.1,
0.18,-0.22,
4
-0.6,0,0.3,0,0.2,
-0.00199506,0.200998,
4
-0.6,0,0.3,0,0.2,
2,0.1,
0.18,0.18,
4
-0.6,0,0.3,0,0.2,
0.226799,0.5005,
4
-0.6,0,0.3,0,0.2,
2,0.2,
-0.22,-0.22,
4
-0.6,0,0.3,0,0.2,
-0.524796,0.13909,
4
-0.6,0,0.3,0,0.2,
2,0.2,
-0.22,0.18,
4
-0.6,0,0.3,0,0.2,
0.442374,0.120476,
4
-0.6,0,0.3,0,0.2,
2,0.2,
0.18,-0.22,
4
-0.6,0,0.3,0,0.2,
-0.00199185,0.200999,
4
-0.6,0,0.3,0,0.2,
2,0.2,
0.18,0.18,
4
-0.6,0,0.3,0,0.2,
0.226799,0.5005,
4
-0.6,0,0.35,0,0.2,
-2,0,
-0.22,-0.22,
4
-0.6,0,0.35,0,0.2,
-0.524796,0.0890898,
4
-0.6,0,0.35,0,0.2,
-2,0,
-0.22,0.18,
4
-0.6,0,0.35,0,0.2,
0.442374,0.0704758,
4
-0.6,0,0.35,0,0.2,
-2,0,
0.18,-0.22,
4
-0.6,0,0.35,0,0.2,
-0.27491,0.460432,
4
-0.6,0,0.35,0,0.2,
-2,0,
0.18,0.18,
4
-0.6,0,0.35,0,0.2,
0.00181386,0.201004,
4
-0.6,0,0.35,0,0.2,
-2,0.1,
-0.22,-0.22,
4
-0.6,0,0.35,0,0.2,
-0.524796,0.0890898,
4
-0.6,0,0.35,0,0.2,
-2,0.1,
-0.22,0.18,
4
-0.6,0,0.35,0,0.2,
0.442374,0.0704761,
4
-0.6,0,0.35,0,0.2,
-2,0.1,
0.18,-0.22,
4
-0.6,0,0.35,0,0.2,
-0.27491,0.460432,
4
-0.6,0,0.35,0,0.2,
-2,0.1,
0.18,0.18,
4
-0.6,0,0.35,0,0.2,
0.226799,0.4505,
4
-0.6,0,0.35,0,0.2,
-2,0.2,
-0.22,-0.22,
4
-0.6,0,0.35,0,0.2,
-0.524796,0.0890898,
4
-0.6,0,0.35,0,0.2,
-2,0.2,
-0.22,0.18,
4
-0.6,0,0.35,0,0.2,
0.442374,0.0704761,
4
-0.6,0,0.35,0,0.2,
-2,0.2,
0.18,-0.22,
4
-0.6,0,0.35,0,0.2,
-0.27491,0.460432,
4
-0.6,0,0.35,0,0.2,
-2,0.2,
0.18,0.18,
4
-0.6,0,0.35,0,0.2,
-0.0577919,0.413793,
4
-0.6,0,0.35,0,0.2,
-1.5,0,
-0.22,-0.22,
4
-0.6,0,0.35,0,0.2,
-0.524796,0.0890898,
4
-0.6,0,0.35,0,0.2,
-1.5,0,
-0.22,0.18,
4
-0.6,0,0.35,0,0.2,
0.442374,0.070476,
4
-0.6,0,0.35,0,0.2,
-1.5,0,
0.18,-0.22,
4
-0.6,0,0.35,0,0.2,
-0.27491,0.460432,
4
-0.6,0,0.35,0,0.2,
-1.5,0,
0.18,0.18,
4
-0.6,0,0.35,0,0.2,
0.226799,0.4505,
4
-0.6,0,0.35,0,0.2,
-1.5,0.1,
-0.22,-0.22,
4
-0.6,0,0.35,0,0.2,
-0.524796,0.0890898,
4
-0.6,0,0.35,0,0.2,
-1.5,0.1,
-0.22,0.18,
4
-0.6,0,0.35,0,0.2,
0.442374,0.0704759,
4
-0.6,0,0.35,0,0.2,
-1.5,0.1,
0.18,-0.22,
4
-0.6,0,0.35,0,0.2,
-0.27491,0.460432,
4
-0.6,0,0.35,0,0.2,
-1.5,0.1,
0.18,0.18,
4
-0.6,0,0.35,0,0.2,
0.226799,0.4505,
4
-0.6,0,0.35,0,0.2,
-1.5,0.2,
-0.22,-0.22,
4
-0.6,0,0.35,0,0.2,
-0.524796,0.0890901,
4
-0.6,0,0.35,0,0.2,
-1.5,0.2,
-0.22,0.18,
4
-0.6,0,0.35,0,0.2,
0.442374,0.070476,
4
-0.6,0,0.35,0,0.2,
-1.5,0.2,
0.18,-0.22,
4
-0.6,0,0.35,0,0.2,
-0.27491,0.460432,
4
-0.6,0,0.35,0,0.2,
-1.5,0.2,
0.18,0.18,
4
-0.6,0,0.35,0,0.2,
0.226799,0.4505,
4
-0.6,0,0.35,0,0.2,
-1,0,
-0.22,-0.22,
4
-0.6,0,0.35,0,0.2,
-0.524796,0.0890898,
4
-0.6,0,0.35,0,0.2,
-1,0,
-0.22,0.18,
4
-0.6,0,0.35,0,0.2,
0.442374,0.0704758,
4
-0.6,0,0.35,0,0.2,
-1,0,
0.18,-0.22,
4
-0.6,0,0.35,0,0.2,
-0.27491,0.460432,
4
-0.6,0,0.35,0,0.2,
-1,0,
0.18,0.18,
4
-0.6,0,0.35,0,0.2,
0.226799,0.4505,
4
-0.6,0,0.35,0,0.2,
-1,0.1,
-0.22,-0.22,
4
-0.6,0,0.35,0,0.2,
-0.524796,0.0890901,
4
-0.6,0,0.35,0,0.2,
-1,0.1,
-0.22,0.18,
4
-0.6,0,0.35,0,0.2,
0.442374,0.0704758,
4
-0.6,0,0.35,0,0.2,
-1,0.1,
0.18,-0.22,
4
-0.6,0,0.35,0,0.2,
-0.27491,0.460432,
4
-0.6,0,0.35,0,0.2,
-1,0.1,
0.18,0.18,
4
-0.6,0,0.35,0,0.2,
0.00181905,0.201008,
4
-0.6,0,0.35,0,0.2,
-1,0.2,
-0.22,-0.22,
4
-0.6,0,0.35,0,0.2,
-0.524796,0.0890902,
4
-0.6,0,0.35,0,0.2,
-1,0.2,
-0.22,0.18,
4
-0.6,0,0.35,0,0.2,
0.442374,0.0704758,
4
-0.6,0,0.35,0,0.2,
-1,0.2,
0.18,-0.22,
4
-0.6,0,0.35,0,0.2,
-0.27491,0.460432,
4
-0.6,0,0.35,0,0.2,
-1,0.2,
0.18,0.18,
4
-0.6,0,0.35,0,0.2,
-0.0577941,0.413825,
4
-0.6,0,0.35,0,0.2,
-0.5,0,
-0.22,-0.22,
4
-0.6,0,0.35,0,0.2,
-0.524796,0.0890898,
4
-0.6,0,0.35,0,0.2,
-0.5,0,
-0.22,0.18,
4
-0.6,0,0.35,0,0.2,
0.442374,0.0704758,
4
-0.6,0,0.35,0,0.2,
-0.5,0,
0.18,-0.22,
4
-0.6,0,0.35,0,0.2,
-0.27491,0.460432,
4
-0.6,0,0.35,0,0.2,
-0.5,0,
0.18,0.18,
4
-0.6,0,0.35,0,0.2,
0.00181455,0.200999,
4
-0.6,0,0.35,0,0.2,
-0.5,0.1,
-0.22,-0.22,
4
-0.6,0,0.35,0,0.2,
-0.524796,0.0890898,
4
-0.6,0,0.35,0,0.2,
-0.5,0.1,
-0.22,0.18,
4
-0.6,0,0.35,0,0.2,
0.442374,0.0704757,
4
-0.6,0,0.35,0,0.2,
-0.5,0.1,
0.18,-0.22,
4
-0.6,0,0.35,0,0.2,
-0.27491,0.460432,
4
-0.6,0,0.35,0,0.2,
-0.5,0.1,
0.18,0.18,
4
-0.6,0,0.35,0,0.2,
-0.0577916,0.413793,
4
-0.6,0,0.35,0,0.2,
-0.5,0.2,
-0.22,-0.22,
4
-0.6,0,0.35,0,0.2,
-0.524796,0.0890902,
4
-0.6,0,0.35,0,0.2,
-0.5,0.2,
-0.22,0.18,
4
-0.6,0,0.35,0,0.2,
0.442374,0.070476,
4
-0.6,0,0.35,0,0.2,
-0.5,0.2,
0.18,-0.22,
4
-0.6,0,0.35,0,0.2,
-0.27491,0.460432,
4
-0.6,0,0.35,0,0.2,
-0.5,0.2,
0.18,0.18,
4
-0.6,0,0.35,0,0.2,
-0.0577911,0.413802,
4
-0.6,0,0.35,0,0.2,
0,0,
-0.22,-0.22,
4
-0.6,0,0.35,0,0.2,
-0.524796,0.0890898,
4
-0.6,0,0.35,0,0.2,
0,0,
-0.22,0.18,
4
-0.6,0,0.35,0,0.2,
0.442374,0.0704757,
4
-0.6,0,0.35,0,0.2,
0,0,
0.18,-0.22,
4
-0.6,0,0.35,0,0.2,
-0.27491,0.460432,
4
-0.6,0,0.35,0,0.2,
0,0,
0.18,0.18,
4
-0.6,0,0.35,0,0.2,
0.226799,0.4505,
4
-0.6,0,0.35,0,0.2,
0,0.1,
-0.22,-0.22,
4
-0.6,0,0.35,0,0.2,
-0.524796,0.0890901,
4
-0.6,0,0.35,0,0.2,
0,0.1,
-0.22,0.18,
4
-0.6,0,0.35,0,0.2,
0.442374,0.0704759,
4
-0.6,0,0.35,0,0.2,
0,0.1,
0.18,-0.22,
4
-0.6,0,0.35,0,0.2,
-0.27491,0.460432,
4
-0.6,0,0.35,0,0.2,
0,0.1,
0.18,0.18,
4
-0.6,0,0.35,0,0.2,
0.226799,0.4505,
4
-0.6,0,0.35,0,0.2,
0,0.2,
-0.22,-0.22,
4
-0.6,0,0.35,0,0.2,
-0.524796,0.0890901,
4
-0.6,0,0.35,0,0.2,
0,0.2,
-0.22,0.18,
4
-0.6,0,0.35,0,0.2,
0.442374,0.0704761,
4
-0.6,0,0.35,0,0.2,
0,0.2,
0.18,-0.22,
4
-0.6,0,0.35,0,0.2,
-0.00183011,0.201001,
4
-0.6,0,0.35,0,0.2,
0,0.2,
0.18,0.18,
4
-0.6,0,0.35,0,0.2,
0.00182492,0.201,
4
-0.6,0,0.35,0,0.2,
0.5,0,
-0.22,-0.22,
4
-0.6,0,0.35,0,0.2,
-0.524796,0.0890898,
4
-0.6,0,0.35,0,0.2,
0.5,0,
-0.22,0.18,
4
-0.6,0,0.35,0,0.2,
0.442374,0.0704757,
4
-0.6,0,0.35,0,0.2,
0.5,0,
0.18,-0.22,
4
-0.6,0,0.35,0,0.2,
-0.27491,0.460432,
4
-0.6,0,0.35,0,0.2,
0.5,0,
0.18,0.18,
4
-0.6,0,0.35,0,0.2,
0.226799,0.4505,
4
-0.6,0,0.35,0,0.2,
0.5,0.1,
-0.22,-0.22,
4
-0.6,0,0.35,0,0.2,
-0.524796,0.0890897,
4
-0.6,0,0.35,0,0.2,
0.5,0.1,
-0.22,0.18,
4
-0.6,0,0.35,0,0.2,
0.442374,0.0704758,
4
-0.6,0,0.35,0,0.2,
0.5,0.1,
0.18,-0.22,
4
-0.6,0,0.35,0,0.2,
0.0542766,0.41075,
4
-0.6,0,0.35,0,0.2,
0.5,0.1,
0.18,0.18,
4
-0.6,0,0.35,0,0.2,
0.226799,0.4505,
4
-0.6,0,0.35,0,0.2,
0.5,0.2,
-0.22,-0.22,
4
-0.6,0,0.35,0,0.2,
-0.524795,0.08909,
4
-0.6,0,0.35,0,0.2,
0.5,0.2,
-0.22,0.18,
4
-0.6,0,0.35,0,0.2,
0.442374,0.0704761,
4
-0.6,0,0.35,0,0.2,
0.5,0.2,
0.18,-0.22,
4
-0.6,0,0.35,0,0.2,
0.0542772,0.410748,
4
-0.6,0,0.35,0,0.2,
0.5,0.2,
0.18,0.18,
4
-0.6,0,0.35,0,0.2,
0.226799,0.4505,
4
-0.6,0,0.35,0,0.2,
1,0,
-0.22,-0.22,
4
-0.6,0,0.35,0,0.2,
-0.524796,0.0890898,
4
-0.6,0,0.35,0,0.2,
1,0,
-0.22,0.18,
4
-0.6,0,0.35,0,0.2,
0.442374,0.0704758,
4
-0.6,0,0.35,0,0.2,
1,0,
0.18,-0.22,
4
-0.6,0,0.35,0,0.2,
-0.27491,0.460432,
4
-0.6,0,0.35,0,0.2,
1,0,
0.18,0.18,
4
-0.6,0,0.35,0,0.2,
0.226799,0.4505,
4
-0.6,0,0.35,0,0.2,
1,0.1,
-0.22,-0.22,
4
-0.6,0,0.35,0,0.2,
-0.524796,0.0890899,
4
-0.6,0,0.35,0,0.2,
1,0.1,
-0.22,0.18,
4
-0.6,0,0.35,0,0.2,
0.442374,0.0704761,
4
-0.6,0,0.35,0,0.2,
1,0.1,
0.18,-0.22,
4
-0.6,0,0.35,0,0.2,
-0.27491,0.460432,
4
-0.6,0,0.35,0,0.2,
1,0.1,
0.18,0.18,
4
-0.6,0,0.35,0,0.2,
0.226799,0.4505,
4
-0.6,0,0.35,0,0.2,
1,0.2,
-0.22,-0.22,
4
-0.6,0,0.35,0,0.2,
-0.524796,0.0890898,
4
-0.6,0,0.35,0,0.2,
1,0.2,
-0.22,0.18,
4
-0.6,0,0.35,0,0.2,
0.442374,0.0704761,
4
-0.6,0,0.35,0,0.2,
1,0.2,
0.18,-0.22,
4
-0.6,0,0.35,0,0.2,
0.0542758,0.410748,
4
-0.6,0,0.35,0,0.2,
1,0.2,
0.18,0.18,
4
-0.6,0,0.35,0,0.2,
0.226799,0.4505,
4
-0.6,0,0.35,0,0.2,
1.5,0,
-0.22,-0.22,
4
-0.6,0,0.35,0,0.2,
-0.524796,0.0890901,
4
-0.6,0,0.35,0,0.2,
1.5,0,
-0.22,0.18,
4
-0.6,0,0.35,0,0.2,
0.442374,0.0704758,
4
-0.6,0,0.35,0,0.2,
1.5,0,
0.18,-0.22,
4
-0.6,0,0.35,0,0.2,
-0.27491,0.460432,
4
-0.6,0,0.35,0,0.2,
1.5,0,
0.18,0.18,
4
-0.6,0,0.35,0,0.2,
0.226799,0.4505,
4
-0.6,0,0.35,0,0.2,
1.5,0.1,
-0.22,-0.22,
4
-0.6,0,0.35,0,0.2,
-0.524796,0.0890901,
4
-0.6,0,0.35,0,0.2,
1.5,0.1,
-0.22,0.18,
4
-0.6,0,0.35,0,0.2,
0.442374,0.0704758,
4
-0.6,0,0.35,0,0.2,
1.5,0.1,
0.18,-0.22,
4
-0.6,0,0.35,0,0.2,
-0.27491,0.460432,
4
-0.6,0,0.35,0,0.2,
1.5,0.1,
0.18,0.18,
4
-0.6,0,0.35,0,0.2,
0.226799,0.4505,
4
-0.6,0,0.35,0,0.2,
1.5,0.2,
-0.22,-0.22,
4
-0.6,0,0.35,0,0.2,
-0.524796,0.08909,
4
-0.6,0,0.35,0,0.2,
1.5,0.2,
-0.22,0.18,
4
-0.6,0,0.35,0,0.2,
0.442374,0.070476,
4
-0.6,0,0.35,0,0.2,
1.5,0.2,
0.18,-0.22,
4
-0.6,0,0.35,0,0.2,
-0.27491,0.460432,
4
-0.6,0,0.35,0,0.2,
1.5,0.2,
0.18,0.18,
4
-0.6,0,0.35,0,0.2,
0.226799,0.4505,
4
-0.6,0,0.35,0,0.2,
2,0,
-0.22,-0.22,
4
-0.6,0,0.35,0,0.2,
-0.524796,0.0890899,
4
-0.6,0,0.35,0,0.2,
2,0,
-0.22,0.18,
4
-0.6,0,0.35,0,0.2,
0.442374,0.0704757,
4
-0.6,0,0.35,0,0.2,
2,0,
0.18,-0.22,
4
-0.6,0,0.35,0,0.2,
-0.27491,0.460432,
4
-0.6,0,0.35,0,0.2,
2,0,
0.18,0.18,
4
-0.6,0,0.35,0,0.2,
0.226799,0.4505,
4
-0.6,0,0.35,0,0.2,
2,0.1,
-0.22,-0.22,
4
-0.6,0,0.35,0,0.2,
-0.524796,0.0890901,
4
-0.6,0,0.35,0,0.2,
2,0.1,
-0.22,0.18,
4
-0.6,0,0.35,0,0.2,
0.442374,0.0704758,
4
-0.6,0,0.35,0,0.2,
2,0.1,
0.18,-0.22,
4
-0.6,0,0.35,0,0.2,
-0.27491,0.460432,
4
-0.6,0,0.35,0,0.2,
2,0.1,
0.18,0.18,
4
-0.6,0,0.35,0,0.2,
0.226799,0.4505,
4
-0.6,0,0.35,0,0.2,
2,0.2,
-0.22,-0.22,
4
-0.6,0,0.35,0,0.2,
-0.524796,0.0890901,
4
-0.6,0,0.35,0,0.2,
2,0.2,
-0.22,0.18,
4
-0.6,0,0.35,0,0.2,
0.442374,0.0704759,
4
-0.6,0,0.35,0,0.2,
2,0.2,
0.18,-0.22,
4
-0.6,0,0.35,0,0.2,
-0.27491,0.460432,
4
-0.6,0,0.35,0,0.2,
2,0.2,
0.18,0.18,
4
-0.6,0,0.35,0,0.2,
0.226799,0.4505,
4
-0.6,0,0.4,0,0.2,
-2,0,
-0.22,-0.22,
4
-0.6,0,0.4,0,0.2,
-0.524796,0.03909,
4
-0.6,0,0.4,0,0.2,
-2,0,
-0.22,0.18,
4
-0.6,0,0.4,0,0.2,
0.442374,0.0204759,
4
-0.6,0,0.4,0,0.2,
-2,0,
0.18,-0.22,
4
-0.6,0,0.4,0,0.2,
-0.27491,0.410432,
4
-0.6,0,0.4,0,0.2,
-2,0,
0.18,0.18,
4
-0.6,0,0.4,0,0.2,
0.226799,0.4005,
4
-0.6,0,0.4,0,0.2,
-2,0.1,
-0.22,-0.22,
4
-0.6,0,0.4,0,0.2,
-0.524796,0.0390899,
4
-0.6,0,0.4,0,0.2,
-2,0.1,
-0.22,0.18,
4
-0.6,0,0.4,0,0.2,
0.442374,0.0204761,
4
-0.6,0,0.4,0,0.2,
-2,0.1,
0.18,-0.22,
4
-0.6,0,0.4,0,0.2,
-0.27491,0.410432,
4
-0.6,0,0.4,0,0.2,
-2,0.1,
0.18,0.18,
4
-0.6,0,0.4,0,0.2,
0.00166142,0.201002,
4
-0.6,0,0.4,0,0.2,
-2,0.2,
-0.22,-0.22,
4
-0.6,0,0.4,0,0.2,
-0.524796,0.0390899,
4
-0.6,0,0.4,0,0.2,
-2,0.2,
-0.22,0.18,
4
-0.6,0,0.4,0,0.2,
0.442374,0.0204761,
4
-0.6,0,0.4,0,0.2,
-2,0.2,
0.18,-0.22,
4
-0.6,0,0.4,0,0.2,
-0.27491,0.410432,
4
-0.6,0,0.4,0,0.2,
-2,0.2,
0.18,0.18,
4
-0.6,0,0.4,0,0.2,
0.001663,0.201003,
4
-0.6,0,0.4,0,0.2,
-1.5,0,
-0.22,-0.22,
4
-0.6,0,0.4,0,0.2,
-0.524796,0.0390899,
4
-0.6,0,0.4,0,0.2,
-1.5,0,
-0.22,0.18,
4
-0.6,0,0.4,0,0.2,
0.442374,0.0204761,
4
-0.6,0,0.4,0,0.2,
-1.5,0,
0.18,-0.22,
4
-0.6,0,0.4,0,0.2,
-0.27491,0.410432,
4
-0.6,0,0.4,0,0.2,
-1.5,0,
0.18,0.18,
4
-0.6,0,0.4,0,0.2,
0.226799,0.4005,
4
-0.6,0,0.4,0,0.2,
-1.5,0.1,
-0.22,-0.22,
4
-0.6,0,0.4,0,0.2,
-0.524796,0.0390899,
4
-0.6,0,0.4,0,0.2,
-1.5,0.1,
-0.22,0.18,
4
-0.6,0,0.4,0,0.2,
0.442374,0.0204761,
4
-0.6,0,0.4,0,0.2,
-1.5,0.1,
0.18,-0.22,
4
-0.6,0,0.4,0,0.2,
-0.27491,0.410432,
4
-0.6,0,0.4,0,0.2,
-1.5,0.1,
0.18,0.18,
4
-0.6,0,0.4,0,0.2,
0.226799,0.4005,
4
-0.6,0,0.4,0,0.2,
-1.5,0.2,
-0.22,-0.22,
4
-0.6,0,0.4,0,0.2,
-0.524796,0.03909,
4
-0.6,0,0.4,0,0.2,
-1.5,0.2,
-0.22,0.18,
4
-0.6,0,0.4,0,0.2,
0.442374,0.0204759,
4
-0.6,0,0.4,0,0.2,
-1.5,0.2,
0.18,-0.22,
4
-0.6,0,0.4,0,0.2,
-0.27491,0.410432,
4
-0.6,0,0.4,0,0.2,
-1.5,0.2,
0.18,0.18,
4
-0.6,0,0.4,0,0.2,
0.226799,0.4005,
4
-0.6,0,0.4,0,0.2,
-1,0,
-0.22,-0.22,
4
-0.6,0,0.4,0,0.2,
-0.524796,0.0390898,
4
-0.6,0,0.4,0,0.2,
-1,0,
-0.22,0.18,
4
-0.6,0,0.4,0,0.2,
0.442374,0.0204758,
4
-0.6,0,0.4,0,0.2,
-1,0,
0.18,-0.22,
4
-0.6,0,0.4,0,0.2,
-0.27491,0.410432,
4
-0.6,0,0.4,0,0.2,
-1,0,
0.18,0.18,
4
-0.6,0,0.4,0,0.2,
0.226799,0.4005,
4
-0.6,0,0.4,0,0.2,
-1,0.1,
-0.22,-0.22,
4
-0.6,0,0.4,0,0.2,
-0.524796,0.03909,
4
-0.6,0,0.4,0,0.2,
-1,0.1,
-0.22,0.18,
4
-0.6,0,0.4,0,0.2,
0.442374,0.0204759,
4
-0.6,0,0.4,0,0.2,
-1,0.1,
0.18,-0.22,
4
-0.6,0,0.4,0,0.2,
-0.27491,0.410432,
4
-0.6,0,0.4,0,0.2,
-1,0.1,
0.18,0.18,
4
-0.6,0,0.4,0,0.2,
0.00167571,0.201007,
4
-0.6,0,0.4,0,0.2,
-1,0.2,
-0.22,-0.22,
4
-0.6,0,0.4,0,0.2,
-0.524796,0.0390901,
4
-0.6,0,0.4,0,0.2,
-1,0.2,
-0.22,0.18,
4
-0.6,0,0.4,0,0.2,
0.442374,0.0204759,
4
-0.6,0,0.4,0,0.2,
-1,0.2,
0.18,-0.22,
4
-0.6,0,0.4,0,0.2,
-0.27491,0.410432,
4
-0.6,0,0.4,0,0.2,
-1,0.2,
0.18,0.18,
4
-0.6,0,0.4,0,0.2,
-0.0517119,0.365257,
4
-0.6,0,0.4,0,0.2,
-0.5,0,
-0.22,-0.22,
4
-0.6,0,0.4,0,0.2,
-0.524796,0.03909,
4
-0.6,0,0.4,0,0.2,
-0.5,0,
-0.22,0.18,
4
-0.6,0,0.4,0,0.2,
0.442374,0.0204759,
4
-0.6,0,0.4,0,0.2,
-0.5,0,
0.18,-0.22,
4
-0.6,0,0.4,0,0.2,
-0.27491,0.410432,
4
-0.6,0,0.4,0,0.2,
-0.5,0,
0.18,0.18,
4
-0.6,0,0.4,0,0.2,
0.226799,0.4005,
4
-0.6,0,0.4,0,0.2,
-0.5,0.1,
-0.22,-0.22,
4
-0.6,0,0.4,0,0.2,
-0.524796,0.0390901,
4
-0.6,0,0.4,0,0.2,
-0.5,0.1,
-0.22,0.18,
4
-0.6,0,0.4,0,0.2,
0.442374,0.020476,
4
-0.6,0,0.4,0,0.2,
-0.5,0.1,
0.18,-0.22,
4
-0.6,0,0.4,0,0.2,
-0.27491,0.410432,
4
-0.6,0,0.4,0,0.2,
-0.5,0.1,
0.18,0.18,
4
-0.6,0,0.4,0,0.2,
-0.0517119,0.365253,
4
-0.6,0,0.4,0,0.2,
-0.5,0.2,
-0.22,-0.22,
4
-0.6,0,0.4,0,0.2,
-0.524796,0.0390901,
4
-0.6,0,0.4,0,0.2,
-0.5,0.2,
-0.22,0.18,
4
-0.6,0,0.4,0,0.2,
0.442374,0.020476,
4
-0.6,0,0.4,0,0.2,
-0.5,0.2,
0.18,-0.22,
4
-0.6,0,0.4,0,0.2,
-0.27491,0.410432,
4
-0.6,0,0.4,0,0.2,
-0.5,0.2,
0.18,0.18,
4
-0.6,0,0.4,0,0.2,
-0.0517106,0.365254,
4
-0.6,0,0.4,0,0.2,
0,0,
-0.22,-0.22,
4
-0.6,0,0.4,0,0.2,
-0.524795,0.0390899,
4
-0.6,0,0.4,0,0.2,
0,0,
-0.22,0.18,
4
-0.6,0,0.4,0,0.2,
0.442374,0.020476,
4
-0.6,0,0.4,0,0.2,
0,0,
0.18,-0.22,
4
-0.6,0,0.4,0,0.2,
-0.27491,0.410432,
4
-0.6,0,0.4,0,0.2,
0,0,
0.18,0.18,
4
-0.6,0,0.4,0,0.2,
0.226799,0.4005,
4
-0.6,0,0.4,0,0.2,
0,0.1,
-0.22,-0.22,
4
-0.6,0,0.4,0,0.2,
-0.524795,0.0390901,
4
-0.6,0,0.4,0,0.2,
0,0.1,
-0.22,0.18,
4
-0.6,0,0.4,0,0.2,
0.442374,0.020476,
4
-0.6,0,0.4,0,0.2,
0,0.1,
0.18,-0.22,
4
-0.6,0,0.4,0,0.2,
-0.27491,0.410432,
4
-0.6,0,0.4,0,0.2,
0,0.1,
0.18,0.18,
4
-0.6,0,0.4,0,0.2,
0.226799,0.4005,
4
-0.6,0,0.4,0,0.2,
0,0.2,
-0.22,-0.22,
4
-0.6,0,0.4,0,0.2,
-0.524796,0.0390901,
4
-0.6,0,0.4,0,0.2,
0,0.2,
-0.22,0.18,
4
-0.6,0,0.4,0,0.2,
0.442374,0.020476,
4
-0.6,0,0.4,0,0.2,
0,0.2,
0.18,-0.22,
4
-0.6,0,0.4,0,0.2,
-0.00166299,0.201,
4
-0.6,0,0.4,0,0.2,
0,0.2,
0.18,0.18,
4
-0.6,0,0.4,0,0.2,
0.00166394,0.200999,
4
-0.6,0,0.4,0,0.2,
0.5,0,
-0.22,-0.22,
4
-0.6,0,0.4,0,0.2,
-0.524796,0.0390899,
4
-0.6,0,0.4,0,0.2,
0.5,0,
-0.22,0.18,
4
-0.6,0,0.4,0,0.2,
0.442374,0.020476,
4
-0.6,0,0.4,0,0.2,
0.5,0,
0.18,-0.22,
4
-0.6,0,0.4,0,0.2,
-0.27491,0.410432,
4
-0.6,0,0.4,0,0.2,
0.5,0,
0.18,0.18,
4
-0.6,0,0.4,0,0.2,
0.226799,0.4005,
4
-0.6,0,0.4,0,0.2,
0.5,0.1,
-0.22,-0.22,
4
-0.6,0,0.4,0,0.2,
-0.524796,0.0390899,
4
-0.6,0,0.4,0,0.2,
0.5,0.1,
-0.22,0.18,
4
-0.6,0,0.4,0,0.2,
0.442374,0.0204761,
4
-0.6,0,0.4,0,0.2,
0.5,0.1,
0.18,-0.22,
4
-0.6,0,0.4,0,0.2,
0.0482373,0.362445,
4
-0.6,0,0.4,0,0.2,
0.5,0.1,
0.18,0.18,
4
-0.6,0,0.4,0,0.2,
0.226799,0.4005,
4
-0.6,0,0.4,0,0.2,
0.5,0.2,
-0.22,-0.22,
4
-0.6,0,0.4,0,0.2,
-0.524796,0.03909,
4
-0.6,0,0.4,0,0.2,
0.5,0.2,
-0.22,0.18,
4
-0.6,0,0.4,0,0.2,
0.442374,0.0204761,
4
-0.6,0,0.4,0,0.2,
0.5,0.2,
0.18,-0.22,
4
-0.6,0,0.4,0,0.2,
0.0482356,0.362445,
4
-0.6,0,0.4,0,0.2,
0.5,0.2,
0.18,0.18,
4
-0.6,0,0.4,0,0.2,
0.226799,0.4005,
4
-0.6,0,0.4,0,0.2,
1,0,
-0.22,-0.22,
4
-0.6,0,0.4,0,0.2,
-0.524796,0.0390899,
4
-0.6,0,0.4,0,0.2,
1,0,
-0.22,0.18,
4
-0.6,0,0.4,0,0.2,
0.442374,0.0204758,
4
-0.6,0,0.4,0,0.2,
1,0,
0.18,-0.22,
4
-0.6,0,0.4,0,0.2,
-0.27491,0.410432,
4
-0.6,0,0.4,0,0.2,
1,0,
0.18,0.18,
4
-0.6,0,0.4,0,0.2,
0.226799,0.4005,
4
-0.6,0,0.4,0,0.2,
1,0.1,
-0.22,-0.22,
4
-0.6,0,0.4,0,0.2,
-0.524796,0.0390899,
4
-0.6,0,0.4,0,0.2,
1,0.1,
-0.22,0.18,
4
-0.6,0,0.4,0,0.2,
0.442374,0.0204759,
4
-0.6,0,0.4,0,0.2,
1,0.1,
0.18,-0.22,
4
-0.6,0,0.4,0,0.2,
-0.27491,0.410432,
4
-0.6,0,0.4,0,0.2,
1,0.1,
0.18,0.18,
4
-0.6,0,0.4,0,0.2,
0.226799,0.4005,
4
-0.6,0,0.4,0,0.2,
1,0.2,
-0.22,-0.22,
4
-0.6,0,0.4,0,0.2,
-0.524796,0.03909,
4
-0.6,0,0.4,0,0.2,
1,0.2,
-0.22,0.18,
4
-0.6,0,0.4,0,0.2,
0.442374,0.020476,
4
-0.6,0,0.4,0,0.2,
1,0.2,
0.18,-0.22,
4
-0.6,0,0.4,0,0.2,
0.0482355,0.362445,
4
-0.6,0,0.4,0,0.2,
1,0.2,
0.18,0.18,
4
-0.6,0,0.4,0,0.2,
0.226799,0.4005,
4
-0.6,0,0.4,0,0.2,
1.5,0,
-0.22,-0.22,
4
-0.6,0,0.4,0,0.2,
-0.524796,0.0390901,
4
-0.6,0,0.4,0,0.2,
1.5,0,
-0.22,0.18,
4
-0.6,0,0.4,0,0.2,
0.442374,0.0204758,
4
-0.6,0,0.4,0,0.2,
1.5,0,
0.18,-0.22,
4
-0.6,0,0.4,0,0.2,
-0.27491,0.410432,
4
-0.6,0,0.4,0,0.2,
1.5,0,
0.18,0.18,
4
-0.6,0,0.4,0,0.2,
0.226799,0.4005,
4
-0.6,0,0.4,0,0.2,
1.5,0.1,
-0.22,-0.22,
4
-0.6,0,0.4,0,0.2,
-0.524796,0.0390901,
4
-0.6,0,0.4,0,0.2,
1.5,0.1,
-0.22,0.18,
4
-0.6,0,0.4,0,0.2,
0.442375,0.0204759,
4
-0.6,0,0.4,0,0.2,
1.5,0.1,
0.18,-0.22,
4
-0.6,0,0.4,0,0.2,
-0.27491,0.410432,
4
-0.6,0,0.4,0,0.2,
1.5,0.1,
0.18,0.18,
4
-0.6,0,0.4,0,0.2,
0.226799,0.4005,
4
-0.6,0,0.4,0,0.2,
1.5,0.2,
-0.22,-0.22,
4
-0.6,0,0.4,0,0.2,
-0.524796,0.0390902,
4
-0.6,0,0.4,0,0.2,
1.5,0.2,
-0.22,0.18,
4
-0.6,0,0.4,0,0.2,
0.442374,0.0204758,
4
-0.6,0,0.4,0,0.2,
1.5,0.2,
0.18,-0.22,
4
-0.6,0,0.4,0,0.2,
-0.27491,0.410432,
4
-0.6,0,0.4,0,0.2,
1.5,0.2,
0.18,0.18,
4
-0.6,0,0.4,0,0.2,
0.226799,0.4005,
4
-0.6,0,0.4,0,0.2,
2,0,
-0.22,-0.22,
4
-0.6,0,0.4,0,0.2,
-0.524796,0.0390899,
4
-0.6,0,0.4,0,0.2,
2,0,
-0.22,0.18,
4
-0.6,0,0.4,0,0.2,
0.442374,0.0204761,
4
-0.6,0,0.4,0,0.2,
2,0,
0.18,-0.22,
4
-0.6,0,0.4,0,0.2,
-0.27491,0.410432,
4
-0.6,0,0.4,0,0.2,
2,0,
0.18,0.18,
4
-0.6,0,0.4,0,0.2,
0.226799,0.4005,
4
-0.6,0,0.4,0,0.2,
2,0.1,
-0.22,-0.22,
4
-0.6,0,0.4,0,0.2,
-0.524796,0.0390902,
4
-0.6,0,0.4,0,0.2,
2,0.1,
-0.22,0.18,
4
-0.6,0,0.4,0,0.2,
0.442375,0.020476,
4
-0.6,0,0.4,0,0.2,
2,0.1,
0.18,-0.22,
4
-0.6,0,0.4,0,0.2,
-0.27491,0.410432,
4
-0.6,0,0.4,0,0.2,
2,0.1,
0.18,0.18,
4
-0.6,0,0.4,0,0.2,
0.226799,0.4005,
4
-0.6,0,0.4,0,0.2,
2,0.2,
-0.22,-0.22,
4
-0.6,0,0.4,0,0.2,
-0.524796,0.0390902,
4
-0.6,0,0.4,0,0.2,
2,0.2,
-0.22,0.18,
4
-0.6,0,0.4,0,0.2,
0.442374,0.020476,
4
-0.6,0,0.4,0,0.2,
2,0.2,
0.18,-0.22,
4
-0.6,0,0.4,0,0.2,
-0.27491,0.410432,
4
-0.6,0,0.4,0,0.2,
2,0.2,
0.18,0.18,
4
-0.6,0,0.4,0,0.2,
0.226799,0.4005,
4
-0.6,0,0.45,0,0.2,
-2,0,
-0.22,-0.22,
4
-0.6,0,0.45,0,0.2,
-0.524723,-0.00663054,
4
-0.6,0,0.45,0,0.2,
-2,0,
-0.22,0.18,
4
-0.6,0,0.45,0,0.2,
0.442283,-0.00789412,
4
-0.6,0,0.45,0,0.2,
-2,0,
0.18,-0.22,
4
-0.6,0,0.45,0,0.2,
-0.27491,0.360432,
4
-0.6,0,0.45,0,0.2,
-2,0,
0.18,0.18,
4
-0.6,0,0.45,0,0.2,
0.226799,0.3505,
4
-0.6,0,0.45,0,0.2,
-2,0.1,
-0.22,-0.22,
4
-0.6,0,0.45,0,0.2,
-0.524671,-0.0065685,
4
-0.6,0,0.45,0,0.2,
-2,0.1,
-0.22,0.18,
4
-0.6,0,0.45,0,0.2,
0.441785,-0.00816557,
4
-0.6,0,0.45,0,0.2,
-2,0.1,
0.18,-0.22,
4
-0.6,0,0.45,0,0.2,
-0.27491,0.360432,
4
-0.6,0,0.45,0,0.2,
-2,0.1,
0.18,0.18,
4
-0.6,0,0.45,0,0.2,
0.226799,0.3505,
4
-0.6,0,0.45,0,0.2,
-2,0.2,
-0.22,-0.22,
4
-0.6,0,0.45,0,0.2,
-0.52468,-0.00659066,
4
-0.6,0,0.45,0,0.2,
-2,0.2,
-0.22,0.18,
4
-0.6,0,0.45,0,0.2,
0.441827,-0.00816542,
4
-0.6,0,0.45,0,0.2,
-2,0.2,
0.18,-0.22,
4
-0.6,0,0.45,0,0.2,
-0.27491,0.360432,
4
-0.6,0,0.45,0,0.2,
-2,0.2,
0.18,0.18,
4
-0.6,0,0.45,0,0.2,
0.226799,0.3505,
4
-0.6,0,0.45,0,0.2,
-1.5,0,
-0.22,-0.22,
4
-0.6,0,0.45,0,0.2,
-0.524695,-0.006618,
4
-0.6,0,0.45,0,0.2,
-1.5,0,
-0.22,0.18,
4
-0.6,0,0.45,0,0.2,
0.441899,-0.00816032,
4
-0.6,0,0.45,0,0.2,
-1.5,0,
0.18,-0.22,
4
-0.6,0,0.45,0,0.2,
-0.27491,0.360432,
4
-0.6,0,0.45,0,0.2,
-1.5,0,
0.18,0.18,
4
-0.6,0,0.45,0,0.2,
0.226799,0.3505,
4
-0.6,0,0.45,0,0.2,
-1.5,0.1,
-0.22,-0.22,
4
-0.6,0,0.45,0,0.2,
-0.52468,-0.00658979,
4
-0.6,0,0.45,0,0.2,
-1.5,0.1,
-0.22,0.18,
4
-0.6,0,0.45,0,0.2,
0.442118,-0.00805355,
4
-0.6,0,0.45,0,0.2,
-1.5,0.1,
0.18,-0.22,
4
-0.6,0,0.45,0,0.2,
-0.27491,0.360432,
4
-0.6,0,0.45,0,0.2,
-1.5,0.1,
0.18,0.18,
4
-0.6,0,0.45,0,0.2,
0.226799,0.3505,
4
-0.6,0,0.45,0,0.2,
-1.5,0.2,
-0.22,-0.22,
4
-0.6,0,0.45,0,0.2,
-0.524682,-0.00659558,
4
-0.6,0,0.45,0,0.2,
-1.5,0.2,
-0.22,0.18,
4
-0.6,0,0.45,0,0.2,
0.441887,-0.00816255,
4
-0.6,0,0.45,0,0.2,
-1.5,0.2,
0.18,-0.22,
4
-0.6,0,0.45,0,0.2,
-0.27491,0.360432,
4
-0.6,0,0.45,0,0.2,
-1.5,0.2,
0.18,0.18,
4
-0.6,0,0.45,0,0.2,
0.226799,0.3505,
4
-0.6,0,0.45,0,0.2,
-1,0,
-0.22,-0.22,
4
-0.6,0,0.45,0,0.2,
-0.524692,-0.00661389,
4
-0.6,0,0.45,0,0.2,
-1,0,
-0.22,0.18,
4
-0.6,0,0.45,0,0.2,
0.442181,-0.00799913,
4
-0.6,0,0.45,0,0.2,
-1,0,
0.18,-0.22,
4
-0.6,0,0.45,0,0.2,
-0.27491,0.360432,
4
-0.6,0,0.45,0,0.2,
-1,0,
0.18,0.18,
4
-0.6,0,0.45,0,0.2,
0.226799,0.3505,
4
-0.6,0,0.45,0,0.2,
-1,0.1,
-0.22,-0.22,
4
-0.6,0,0.45,0,0.2,
-0.524742,-0.00660727,
4
-0.6,0,0.45,0,0.2,
-1,0.1,
-0.22,0.18,
4
-0.6,0,0.45,0,0.2,
0.442193,-0.00798941,
4
-0.6,0,0.45,0,0.2,
-1,0.1,
0.18,-0.22,
4
-0.6,0,0.45,0,0.2,
-0.27491,0.360432,
4
-0.6,0,0.45,0,0.2,
-1,0.1,
0.18,0.18,
4
-0.6,0,0.45,0,0.2,
0.226799,0.3505,
4
-0.6,0,0.45,0,0.2,
-1,0.2,
-0.22,-0.22,
4
-0.6,0,0.45,0,0.2,
-0.524728,-0.00662776,
4
-0.6,0,0.45,0,0.2,
-1,0.2,
-0.22,0.18,
4
-0.6,0,0.45,0,0.2,
0.442212,-0.00797072,
4
-0.6,0,0.45,0,0.2,
-1,0.2,
0.18,-0.22,
4
-0.6,0,0.45,0,0.2,
-0.27491,0.360432,
4
-0.6,0,0.45,0,0.2,
-1,0.2,
0.18,0.18,
4
-0.6,0,0.45,0,0.2,
0.226799,0.3505,
4
-0.6,0,0.45,0,0.2,
-0.5,0,
-0.22,-0.22,
4
-0.6,0,0.45,0,0.2,
-0.524716,-0.00663275,
4
-0.6,0,0.45,0,0.2,
-0.5,0,
-0.22,0.18,
4
-0.6,0,0.45,0,0.2,
0.441507,-0.00803919,
4
-0.6,0,0.45,0,0.2,
-0.5,0,
0.18,-0.22,
4
-0.6,0,0.45,0,0.2,
-0.27491,0.360432,
4
-0.6,0,0.45,0,0.2,
-0.5,0,
0.18,0.18,
4
-0.6,0,0.45,0,0.2,
0.226799,0.3505,
4
-0.6,0,0.45,0,0.2,
-0.5,0.1,
-0.22,-0.22,
4
-0.6,0,0.45,0,0.2,
-0.524716,-0.00663274,
4
-0.6,0,0.45,0,0.2,
-0.5,0.1,
-0.22,0.18,
4
-0.6,0,0.45,0,0.2,
0.442095,-0.0080704,
4
-0.6,0,0.45,0,0.2,
-0.5,0.1,
0.18,-0.22,
4
-0.6,0,0.45,0,0.2,
-0.27491,0.360432,
4
-0.6,0,0.45,0,0.2,
-0.5,0.1,
0.18,0.18,
4
-0.6,0,0.45,0,0.2,
-0.0463896,0.316583,
4
-0.6,0,0.45,0,0.2,
-0.5,0.2,
-0.22,-0.22,
4
-0.6,0,0.45,0,0.2,
-0.524716,-0.00663277,
4
-0.6,0,0.45,0,0.2,
-0.5,0.2,
-0.22,0.18,
4
-0.6,0,0.45,0,0.2,
0.442149,-0.00802905,
4
-0.6,0,0.45,0,0.2,
-0.5,0.2,
0.18,-0.22,
4
-0.6,0,0.45,0,0.2,
-0.27491,0.360432,
4
-0.6,0,0.45,0,0.2,
-0.5,0.2,
0.18,0.18,
4
-0.6,0,0.45,0,0.2,
-0.0463884,0.316583,
4
-0.6,0,0.45,0,0.2,
0,0,
-0.22,-0.22,
4
-0.6,0,0.45,0,0.2,
-0.52474,-0.00661083,
4
-0.6,0,0.45,0,0.2,
0,0,
-0.22,0.18,
4
-0.6,0,0.45,0,0.2,
0.441416,-0.00795966,
4
-0.6,0,0.45,0,0.2,
0,0,
0.18,-0.22,
4
-0.6,0,0.45,0,0.2,
-0.27491,0.360432,
4
-0.6,0,0.45,0,0.2,
0,0,
0.18,0.18,
4
-0.6,0,0.45,0,0.2,
0.226799,0.3505,
4
-0.6,0,0.45,0,0.2,
0,0.1,
-0.22,-0.22,
4
-0.6,0,0.45,0,0.2,
-0.524662,-0.00654143,
4
-0.6,0,0.45,0,0.2,
0,0.1,
-0.22,0.18,
4
-0.6,0,0.45,0,0.2,
0.441477,-0.00801521,
4
-0.6,0,0.45,0,0.2,
0,0.1,
0.18,-0.22,
4
-0.6,0,0.45,0,0.2,
-0.27491,0.360432,
4
-0.6,0,0.45,0,0.2,
0,0.1,
0.18,0.18,
4
-0.6,0,0.45,0,0.2,
0.226799,0.3505,
4
-0.6,0,0.45,0,0.2,
0,0.2,
-0.22,-0.22,
4
-0.6,0,0.45,0,0.2,
-0.524732,-0.00662265,
4
-0.6,0,0.45,0,0.2,
0,0.2,
-0.22,0.18,
4
-0.6,0,0.45,0,0.2,
0.441297,-0.00783163,
4
-0.6,0,0.45,0,0.2,
0,0.2,
0.18,-0.22,
4
-0.6,0,0.45,0,0.2,
-0.0015376,0.199966,
4
-0.6,0,0.45,0,0.2,
0,0.2,
0.18,0.18,
4
-0.6,0,0.45,0,0.2,
0.00153713,0.200023,
4
-0.6,0,0.45,0,0.2,
0.5,0,
-0.22,-0.22,
4
-0.6,0,0.45,0,0.2,
-0.524761,-0.00655702,
4
-0.6,0,0.45,0,0.2,
0.5,0,
-0.22,0.18,
4
-0.6,0,0.45,0,0.2,
0.441857,-0.00816623,
4
-0.6,0,0.45,0,0.2,
0.5,0,
0.18,-0.22,
4
-0.6,0,0.45,0,0.2,
-0.27491,0.360432,
4
-0.6,0,0.45,0,0.2,
0.5,0,
0.18,0.18,
4
-0.6,0,0.45,0,0.2,
0.226799,0.3505,
4
-0.6,0,0.45,0,0.2,
0.5,0.1,
-0.22,-0.22,
4
-0.6,0,0.45,0,0.2,
-0.524746,-0.00659848,
4
-0.6,0,0.45,0,0.2,
0.5,0.1,
-0.22,0.18,
4
-0.6,0,0.45,0,0.2,
0.441843,-0.00816714,
4
-0.6,0,0.45,0,0.2,
0.5,0.1,
0.18,-0.22,
4
-0.6,0,0.45,0,0.2,
-0.27491,0.360432,
4
-0.6,0,0.45,0,0.2,
0.5,0.1,
0.18,0.18,
4
-0.6,0,0.45,0,0.2,
0.226799,0.3505,
4
-0.6,0,0.45,0,0.2,
0.5,0.2,
-0.22,-0.22,
4
-0.6,0,0.45,0,0.2,
-0.524745,-0.00660389,
4
-0.6,0,0.45,0,0.2,
0.5,0.2,
-0.22,0.18,
4
-0.6,0,0.45,0,0.2,
0.441843,-0.00816719,
4
-0.6,0,0.45,0,0.2,
0.5,0.2,
0.18,-0.22,
4
-0.6,0,0.45,0,0.2,
0.0429312,0.314001,
4
-0.6,0,0.45,0,0.2,
0.5,0.2,
0.18,0.18,
4
-0.6,0,0.45,0,0.2,
0.226799,0.3505,
4
-0.6,0,0.45,0,0.2,
1,0,
-0.22,-0.22,
4
-0.6,0,0.45,0,0.2,
-0.524752,-0.00658323,
4
-0.6,0,0.45,0,0.2,
1,0,
-0.22,0.18,
4
-0.6,0,0.45,0,0.2,
0.44178,-0.00816497,
4
-0.6,0,0.45,0,0.2,
1,0,
0.18,-0.22,
4
-0.6,0,0.45,0,0.2,
-0.27491,0.360432,
4
-0.6,0,0.45,0,0.2,
1,0,
0.18,0.18,
4
-0.6,0,0.45,0,0.2,
0.226799,0.3505,
4
-0.6,0,0.45,0,0.2,
1,0.1,
-0.22,-0.22,
4
-0.6,0,0.45,0,0.2,
-0.52476,-0.0065602,
4
-0.6,0,0.45,0,0.2,
1,0.1,
-0.22,0.18,
4
-0.6,0,0.45,0,0.2,
0.442322,-0.00784785,
4
-0.6,0,0.45,0,0.2,
1,0.1,
0.18,-0.22,
4
-0.6,0,0.45,0,0.2,
-0.27491,0.360432,
4
-0.6,0,0.45,0,0.2,
1,0.1,
0.18,0.18,
4
-0.6,0,0.45,0,0.2,
0.226799,0.3505,
4
-0.6,0,0.45,0,0.2,
1,0.2,
-0.22,-0.22,
4
-0.6,0,0.45,0,0.2,
-0.524755,-0.00657615,
4
-0.6,0,0.45,0,0.2,
1,0.2,
-0.22,0.18,
4
-0.6,0,0.45,0,0.2,
0.442066,-0.0080907,
4
-0.6,0,0.45,0,0.2,
1,0.2,
0.18,-0.22,
4
-0.6,0,0.45,0,0.2,
-0.27491,0.360432,
4
-0.6,0,0.45,0,0.2,
1,0.2,
0.18,0.18,
4
-0.6,0,0.45,0,0.2,
0.226799,0.3505,
4
-0.6,0,0.45,0,0.2,
1.5,0,
-0.22,-0.22,
4
-0.6,0,0.45,0,0.2,
-0.524748,-0.00659473,
4
-0.6,0,0.45,0,0.2,
1.5,0,
-0.22,0.18,
4
-0.6,0,0.45,0,0.2,
0.441523,-0.00805186,
4
-0.6,0,0.45,0,0.2,
1.5,0,
0.18,-0.22,
4
-0.6,0,0.45,0,0.2,
-0.27491,0.360432,
4
-0.6,0,0.45,0,0.2,
1.5,0,
0.18,0.18,
4
-0.6,0,0.45,0,0.2,
0.226799,0.3505,
4
-0.6,0,0.45,0,0.2,
1.5,0.1,
-0.22,-0.22,
4
-0.6,0,0.45,0,0.2,
-0.524715,-0.00663276,
4
-0.6,0,0.45,0,0.2,
1.5,0.1,
-0.22,0.18,
4
-0.6,0,0.45,0,0.2,
0.441511,-0.00804254,
4
-0.6,0,0.45,0,0.2,
1.5,0.1,
0.18,-0.22,
4
-0.6,0,0.45,0,0.2,
-0.27491,0.360432,
4
-0.6,0,0.45,0,0.2,
1.5,0.1,
0.18,0.18,
4
-0.6,0,0.45,0,0.2,
0.226799,0.3505,
4
-0.6,0,0.45,0,0.2,
1.5,0.2,
-0.22,-0.22,
4
-0.6,0,0.45,0,0.2,
-0.524713,-0.00663254,
4
-0.6,0,0.45,0,0.2,
1.5,0.2,
-0.22,0.18,
4
-0.6,0,0.45,0,0.2,
0.441668,-0.00813539,
4
-0.6,0,0.45,0,0.2,
1.5,0.2,
0.18,-0.22,
4
-0.6,0,0.45,0,0.2,
-0.27491,0.360432,
4
-0.6,0,0.45,0,0.2,
1.5,0.2,
0.18,0.18,
4
-0.6,0,0.45,0,0.2,
0.226799,0.3505,
4
-0.6,0,0.45,0,0.2,
2,0,
-0.22,-0.22,
4
-0.6,0,0.45,0,0.2,
-0.524757,-0.00656945,
4
-0.6,0,0.45,0,0.2,
2,0,
-0.22,0.18,
4
-0.6,0,0.45,0,0.2,
0.441827,-0.00816765,
4
-0.6,0,0.45,0,0.2,
2,0,
0.18,-0.22,
4
-0.6,0,0.45,0,0.2,
-0.27491,0.360432,
4
-0.6,0,0.45,0,0.2,
2,0,
0.18,0.18,
4
-0.6,0,0.45,0,0.2,
0.226799,0.3505,
4
-0.6,0,0.45,0,0.2,
2,0.1,
-0.22,-0.22,
4
-0.6,0,0.45,0,0.2,
-0.52475,-0.00658974,
4
-0.6,0,0.45,0,0.2,
2,0.1,
-0.22,0.18,
4
-0.6,0,0.45,0,0.2,
0.441846,-0.00816711,
4
-0.6,0,0.45,0,0.2,
2,0.1,
0.18,-0.22,
4
-0.6,0,0.45,0,0.2,
-0.27491,0.360432,
4
-0.6,0,0.45,0,0.2,
2,0.1,
0.18,0.18,
4
-0.6,0,0.45,0,0.2,
0.226799,0.3505,
4
-0.6,0,0.45,0,0.2,
2,0.2,
-0.22,-0.22,
4
-0.6,0,0.45,0,0.2,
-0.524715,-0.00663274,
4
-0.6,0,0.45,0,0.2,
2,0.2,
-0.22,0.18,
4
-0.6,0,0.45,0,0.2,
0.441588,-0.00809534,
4
-0.6,0,0.45,0,0.2,
2,0.2,
0.18,-0.22,
4
-0.6,0,0.45,0,0.2,
-0.27491,0.360432,
4
-0.6,0,0.45,0,0.2,
2,0.2,
0.18,0.18,
4
-0.6,0,0.45,0,0.2,
0.226799,0.3505,
4
-0.6,0,0.5,0,0.2,
-2,0,
-0.22,-0.22,
4
-0.6,0,0.5,0,0.2,
-0.523174,-0.00971673,
4
-0.6,0,0.5,0,0.2,
-2,0,
-0.22,0.18,
4
-0.6,0,0.5,0,0.2,
0.442528,-0.00999793,
4
-0.6,0,0.5,0,0.2,
-2,0,
0.18,-0.22,
4
-0.6,0,0.5,0,0.2,
-0.27491,0.310432,
4
-0.6,0,0.5,0,0.2,
-2,0,
0.18,0.18,
4
-0.6,0,0.5,0,0.2,
0.226799,0.3005,
4
-0.6,0,0.5,0,0.2,
-2,0.1,
-0.22,-0.22,
4
-0.6,0,0.5,0,0.2,
-0.523309,-0.00976814,
4
-0.6,0,0.5,0,0.2,
-2,0.1,
-0.22,0.18,
4
-0.6,0,0.5,0,0.2,
0.442374,-0.0100037,
4
-0.6,0,0.5,0,0.2,
-2,0.1,
0.18,-0.22,
4
-0.6,0,0.5,0,0.2,
-0.27491,0.310432,
4
-0.6,0,0.5,0,0.2,
-2,0.1,
0.18,0.18,
4
-0.6,0,0.5,0,0.2,
0.226799,0.3005,
4
-0.6,0,0.5,0,0.2,
-2,0.2,
-0.22,-0.22,
4
-0.6,0,0.5,0,0.2,
-0.523545,-0.00983913,
4
-0.6,0,0.5,0,0.2,
-2,0.2,
-0.22,0.18,
4
-0.6,0,0.5,0,0.2,
0.442543,-0.010001,
4
-0.6,0,0.5,0,0.2,
-2,0.2,
0.18,-0.22,
4
-0.6,0,0.5,0,0.2,
-0.27491,0.310432,
4
-0.6,0,0.5,0,0.2,
-2,0.2,
0.18,0.18,
4
-0.6,0,0.5,0,0.2,
0.226799,0.3005,
4
-0.6,0,0.5,0,0.2,
-1.5,0,
-0.22,-0.22,
4
-0.6,0,0.5,0,0.2,
-0.523452,-0.00981577,
4
-0.6,0,0.5,0,0.2,
-1.5,0,
-0.22,0.18,
4
-0.6,0,0.5,0,0.2,
0.442528,-0.0100001,
4
-0.6,0,0.5,0,0.2,
-1.5,0,
0.18,-0.22,
4
-0.6,0,0.5,0,0.2,
-0.27491,0.310432,
4
-0.6,0,0.5,0,0.2,
-1.5,0,
0.18,0.18,
4
-0.6,0,0.5,0,0.2,
0.226799,0.3005,
4
-0.6,0,0.5,0,0.2,
-1.5,0.1,
-0.22,-0.22,
4
-0.6,0,0.5,0,0.2,
-0.523418,-0.00980648,
4
-0.6,0,0.5,0,0.2,
-1.5,0.1,
-0.22,0.18,
4
-0.6,0,0.5,0,0.2,
0.442533,-0.0100022,
4
-0.6,0,0.5,0,0.2,
-1.5,0.1,
0.18,-0.22,
4
-0.6,0,0.5,0,0.2,
-0.27491,0.310432,
4
-0.6,0,0.5,0,0.2,
-1.5,0.1,
0.18,0.18,
4
-0.6,0,0.5,0,0.2,
0.226799,0.3005,
4
-0.6,0,0.5,0,0.2,
-1.5,0.2,
-0.22,-0.22,
4
-0.6,0,0.5,0,0.2,
-0.523666,-0.00986237,
4
-0.6,0,0.5,0,0.2,
-1.5,0.2,
-0.22,0.18,
4
-0.6,0,0.5,0,0.2,
0.442527,-0.00999921,
4
-0.6,0,0.5,0,0.2,
-1.5,0.2,
0.18,-0.22,
4
-0.6,0,0.5,0,0.2,
-0.27491,0.310432,
4
-0.6,0,0.5,0,0.2,
-1.5,0.2,
0.18,0.18,
4
-0.6,0,0.5,0,0.2,
0.226799,0.3005,
4
-0.6,0,0.5,0,0.2,
-1,0,
-0.22,-0.22,
4
-0.6,0,0.5,0,0.2,
-0.523921,-0.00987973,
4
-0.6,0,0.5,0,0.2,
-1,0,
-0.22,0.18,
4
-0.6,0,0.5,0,0.2,
0.442505,-0.00999884,
4
-0.6,0,0.5,0,0.2,
-1,0,
0.18,-0.22,
4
-0.6,0,0.5,0,0.2,
-0.27491,0.310432,
4
-0.6,0,0.5,0,0.2,
-1,0,
0.18,0.18,
4
-0.6,0,0.5,0,0.2,
0.226799,0.3005,
4
-0.6,0,0.5,0,0.2,
-1,0.1,
-0.22,-0.22,
4
-0.6,0,0.5,0,0.2,
-0.524904,-0.00959817,
4
-0.6,0,0.5,0,0.2,
-1,0.1,
-0.22,0.18,
4
-0.6,0,0.5,0,0.2,
0.442508,-0.0100027,
4
-0.6,0,0.5,0,0.2,
-1,0.1,
0.18,-0.22,
4
-0.6,0,0.5,0,0.2,
-0.27491,0.310432,
4
-0.6,0,0.5,0,0.2,
-1,0.1,
0.18,0.18,
4
-0.6,0,0.5,0,0.2,
0.226799,0.3005,
4
-0.6,0,0.5,0,0.2,
-1,0.2,
-0.22,-0.22,
4
-0.6,0,0.5,0,0.2,
-0.52461,-0.00974117,
4
-0.6,0,0.5,0,0.2,
-1,0.2,
-0.22,0.18,
4
-0.6,0,0.5,0,0.2,
0.442374,-0.0100037,
4
-0.6,0,0.5,0,0.2,
-1,0.2,
0.18,-0.22,
4
-0.6,0,0.5,0,0.2,
-0.27491,0.310432,
4
-0.6,0,0.5,0,0.2,
-1,0.2,
0.18,0.18,
4
-0.6,0,0.5,0,0.2,
0.226799,0.3005,
4
-0.6,0,0.5,0,0.2,
-0.5,0,
-0.22,-0.22,
4
-0.6,0,0.5,0,0.2,
-0.523929,-0.00988234,
4
-0.6,0,0.5,0,0.2,
-0.5,0,
-0.22,0.18,
4
-0.6,0,0.5,0,0.2,
0.442453,-0.0100015,
4
-0.6,0,0.5,0,0.2,
-0.5,0,
0.18,-0.22,
4
-0.6,0,0.5,0,0.2,
-0.27491,0.310432,
4
-0.6,0,0.5,0,0.2,
-0.5,0,
0.18,0.18,
4
-0.6,0,0.5,0,0.2,
0.226799,0.3005,
4
-0.6,0,0.5,0,0.2,
-0.5,0.1,
-0.22,-0.22,
4
-0.6,0,0.5,0,0.2,
-0.523942,-0.00987983,
4
-0.6,0,0.5,0,0.2,
-0.5,0.1,
-0.22,0.18,
4
-0.6,0,0.5,0,0.2,
0.442471,-0.0100042,
4
-0.6,0,0.5,0,0.2,
-0.5,0.1,
0.18,-0.22,
4
-0.6,0,0.5,0,0.2,
-0.27491,0.310432,
4
-0.6,0,0.5,0,0.2,
-0.5,0.1,
0.18,0.18,
4
-0.6,0,0.5,0,0.2,
0.00143449,0.196777,
4
-0.6,0,0.5,0,0.2,
-0.5,0.2,
-0.22,-0.22,
4
-0.6,0,0.5,0,0.2,
-0.523943,-0.00987983,
4
-0.6,0,0.5,0,0.2,
-0.5,0.2,
-0.22,0.18,
4
-0.6,0,0.5,0,0.2,
0.442472,-0.0100042,
4
-0.6,0,0.5,0,0.2,
-0.5,0.2,
0.18,-0.22,
4
-0.6,0,0.5,0,0.2,
-0.27491,0.310432,
4
-0.6,0,0.5,0,0.2,
-0.5,0.2,
0.18,0.18,
4
-0.6,0,0.5,0,0.2,
-0.0418365,0.267698,
4
-0.6,0,0.5,0,0.2,
0,0,
-0.22,-0.22,
4
-0.6,0,0.5,0,0.2,
-0.52399,-0.00987844,
4
-0.6,0,0.5,0,0.2,
0,0,
-0.22,0.18,
4
-0.6,0,0.5,0,0.2,
0.441796,-0.00998238,
4
-0.6,0,0.5,0,0.2,
0,0,
0.18,-0.22,
4
-0.6,0,0.5,0,0.2,
-0.27491,0.310432,
4
-0.6,0,0.5,0,0.2,
0,0,
0.18,0.18,
4
-0.6,0,0.5,0,0.2,
0.226799,0.3005,
4
-0.6,0,0.5,0,0.2,
0,0.1,
-0.22,-0.22,
4
-0.6,0,0.5,0,0.2,
-0.522178,-0.00906523,
4
-0.6,0,0.5,0,0.2,
0,0.1,
-0.22,0.18,
4
-0.6,0,0.5,0,0.2,
0.441783,-0.00992879,
4
-0.6,0,0.5,0,0.2,
0,0.1,
0.18,-0.22,
4
-0.6,0,0.5,0,0.2,
-0.27491,0.310432,
4
-0.6,0,0.5,0,0.2,
0,0.1,
0.18,0.18,
4
-0.6,0,0.5,0,0.2,
0.226799,0.3005,
4
-0.6,0,0.5,0,0.2,
0,0.2,
-0.22,-0.22,
4
-0.6,0,0.5,0,0.2,
-0.524162,-0.00986492,
4
-0.6,0,0.5,0,0.2,
0,0.2,
-0.22,0.18,
4
-0.6,0,0.5,0,0.2,
0.441734,-0.00995829,
4
-0.6,0,0.5,0,0.2,
0,0.2,
0.18,-0.22,
4
-0.6,0,0.5,0,0.2,
-0.00143452,0.196724,
4
-0.6,0,0.5,0,0.2,
0,0.2,
0.18,0.18,
4
-0.6,0,0.5,0,0.2,
0.00142054,0.200631,
4
-0.6,0,0.5,0,0.2,
0.5,0,
-0.22,-0.22,
4
-0.6,0,0.5,0,0.2,
-0.52433,-0.00983207,
4
-0.6,0,0.5,0,0.2,
0.5,0,
-0.22,0.18,
4
-0.6,0,0.5,0,0.2,
0.442374,-0.0100037,
4
-0.6,0,0.5,0,0.2,
0.5,0,
0.18,-0.22,
4
-0.6,0,0.5,0,0.2,
-0.27491,0.310432,
4
-0.6,0,0.5,0,0.2,
0.5,0,
0.18,0.18,
4
-0.6,0,0.5,0,0.2,
0.226799,0.3005,
4
-0.6,0,0.5,0,0.2,
0.5,0.1,
-0.22,-0.22,
4
-0.6,0,0.5,0,0.2,
-0.52424,-0.00985175,
4
-0.6,0,0.5,0,0.2,
0.5,0.1,
-0.22,0.18,
4
-0.6,0,0.5,0,0.2,
0.442374,-0.0100067,
4
-0.6,0,0.5,0,0.2,
0.5,0.1,
0.18,-0.22,
4
-0.6,0,0.5,0,0.2,
-0.27491,0.310432,
4
-0.6,0,0.5,0,0.2,
0.5,0.1,
0.18,0.18,
4
-0.6,0,0.5,0,0.2,
0.226799,0.3005,
4
-0.6,0,0.5,0,0.2,
0.5,0.2,
-0.22,-0.22,
4
-0.6,0,0.5,0,0.2,
-0.523987,-0.009881,
4
-0.6,0,0.5,0,0.2,
0.5,0.2,
-0.22,0.18,
4
-0.6,0,0.5,0,0.2,
0.442374,-0.0100037,
4
-0.6,0,0.5,0,0.2,
0.5,0.2,
0.18,-0.22,
4
-0.6,0,0.5,0,0.2,
0.038391,0.265309,
4
-0.6,0,0.5,0,0.2,
0.5,0.2,
0.18,0.18,
4
-0.6,0,0.5,0,0.2,
0.226799,0.3005,
4
-0.6,0,0.5,0,0.2,
1,0,
-0.22,-0.22,
4
-0.6,0,0.5,0,0.2,
-0.524615,-0.0097389,
4
-0.6,0,0.5,0,0.2,
1,0,
-0.22,0.18,
4
-0.6,0,0.5,0,0.2,
0.442375,-0.0100064,
4
-0.6,0,0.5,0,0.2,
1,0,
0.18,-0.22,
4
-0.6,0,0.5,0,0.2,
-0.27491,0.310432,
4
-0.6,0,0.5,0,0.2,
1,0,
0.18,0.18,
4
-0.6,0,0.5,0,0.2,
0.226799,0.3005,
4
-0.6,0,0.5,0,0.2,
1,0.1,
-0.22,-0.22,
4
-0.6,0,0.5,0,0.2,
-0.524581,-0.00975227,
4
-0.6,0,0.5,0,0.2,
1,0.1,
-0.22,0.18,
4
-0.6,0,0.5,0,0.2,
0.442375,-0.0100066,
4
-0.6,0,0.5,0,0.2,
1,0.1,
0.18,-0.22,
4
-0.6,0,0.5,0,0.2,
-0.27491,0.310432,
4
-0.6,0,0.5,0,0.2,
1,0.1,
0.18,0.18,
4
-0.6,0,0.5,0,0.2,
0.226799,0.3005,
4
-0.6,0,0.5,0,0.2,
1,0.2,
-0.22,-0.22,
4
-0.6,0,0.5,0,0.2,
-0.524486,-0.00978667,
4
-0.6,0,0.5,0,0.2,
1,0.2,
-0.22,0.18,
4
-0.6,0,0.5,0,0.2,
0.442373,-0.0100064,
4
-0.6,0,0.5,0,0.2,
1,0.2,
0.18,-0.22,
4
-0.6,0,0.5,0,0.2,
-0.27491,0.310432,
4
-0.6,0,0.5,0,0.2,
1,0.2,
0.18,0.18,
4
-0.6,0,0.5,0,0.2,
0.226799,0.3005,
4
-0.6,0,0.5,0,0.2,
1.5,0,
-0.22,-0.22,
4
-0.6,0,0.5,0,0.2,
-0.524775,-0.00966438,
4
-0.6,0,0.5,0,0.2,
1.5,0,
-0.22,0.18,
4
-0.6,0,0.5,0,0.2,
0.442374,-0.0100037,
4
-0.6,0,0.5,0,0.2,
1.5,0,
0.18,-0.22,
4
-0.6,0,0.5,0,0.2,
-0.27491,0.310432,
4
-0.6,0,0.5,0,0.2,
1.5,0,
0.18,0.18,
4
-0.6,0,0.5,0,0.2,
0.226799,0.3005,
4
-0.6,0,0.5,0,0.2,
1.5,0.1,
-0.22,-0.22,
4
-0.6,0,0.5,0,0.2,
-0.52471,-0.00969714,
4
-0.6,0,0.5,0,0.2,
1.5,0.1,
-0.22,0.18,
4
-0.6,0,0.5,0,0.2,
0.442377,-0.0100035,
4
-0.6,0,0.5,0,0.2,
1.5,0.1,
0.18,-0.22,
4
-0.6,0,0.5,0,0.2,
-0.27491,0.310432,
4
-0.6,0,0.5,0,0.2,
1.5,0.1,
0.18,0.18,
4
-0.6,0,0.5,0,0.2,
0.226799,0.3005,
4
-0.6,0,0.5,0,0.2,
1.5,0.2,
-0.22,-0.22,
4
-0.6,0,0.5,0,0.2,
-0.524783,-0.0096598,
4
-0.6,0,0.5,0,0.2,
1.5,0.2,
-0.22,0.18,
4
-0.6,0,0.5,0,0.2,
0.442264,-0.0100004,
4
-0.6,0,0.5,0,0.2,
1.5,0.2,
0.18,-0.22,
4
-0.6,0,0.5,0,0.2,
-0.27491,0.310432,
4
-0.6,0,0.5,0,0.2,
1.5,0.2,
0.18,0.18,
4
-0.6,0,0.5,0,0.2,
0.226799,0.3005,
4
-0.6,0,0.5,0,0.2,
2,0,
-0.22,-0.22,
4
-0.6,0,0.5,0,0.2,
-0.5246,-0.00974474,
4
-0.6,0,0.5,0,0.2,
2,0,
-0.22,0.18,
4
-0.6,0,0.5,0,0.2,
0.442375,-0.0100036,
4
-0.6,0,0.5,0,0.2,
2,0,
0.18,-0.22,
4
-0.6,0,0.5,0,0.2,
-0.27491,0.310432,
4
-0.6,0,0.5,0,0.2,
2,0,
0.18,0.18,
4
-0.6,0,0.5,0,0.2,
0.226799,0.3005,
4
-0.6,0,0.5,0,0.2,
2,0.1,
-0.22,-0.22,
4
-0.6,0,0.5,0,0.2,
-0.523936,-0.0098799,
4
-0.6,0,0.5,0,0.2,
2,0.1,
-0.22,0.18,
4
-0.6,0,0.5,0,0.2,
0.442243,-0.00999955,
4
-0.6,0,0.5,0,0.2,
2,0.1,
0.18,-0.22,
4
-0.6,0,0.5,0,0.2,
-0.27491,0.310432,
4
-0.6,0,0.5,0,0.2,
2,0.1,
0.18,0.18,
4
-0.6,0,0.5,0,0.2,
0.226799,0.3005,
4
-0.6,0,0.5,0,0.2,
2,0.2,
-0.22,-0.22,
4
-0.6,0,0.5,0,0.2,
-0.524166,-0.00986439,
4
-0.6,0,0.5,0,0.2,
2,0.2,
-0.22,0.18,
4
-0.6,0,0.5,0,0.2,
0.44224,-0.00999907,
4
-0.6,0,0.5,0,0.2,
2,0.2,
0.18,-0.22,
4
-0.6,0,0.5,0,0.2,
-0.27491,0.310432,
4
-0.6,0,0.5,0,0.2,
2,0.2,
0.18,0.18,
4
-0.6,0,0.5,0,0.2,
0.226799,0.3005,
