M	A	F	Probability	S	Probability	T	Probability
0	1	0	0.9449408	9	0.0220168	4	0.0209636
0	2	0	0.9841718	4	0.0140117	5	0.0014911
0	3	0	0.9815657	4	0.0180561	9	0.0002070
1	1	1	0.9998921	7	0.0000662	2	0.0000211
1	2	1	0.9999999	9	0.0000001	5	0.0000001
1	3	1	0.9999987	2	0.0000005	3	0.0000003
2	1	2	0.8810876	6	0.1179287	9	0.0006043
2	2	2	0.9884063	6	0.0115140	4	0.0000425
2	3	2	0.9901279	6	0.0096852	8	0.0001410
3	1	3	0.9995366	1	0.0001386	0	0.0001284
3	2	3	0.9999869	1	0.0000065	5	0.0000042
3	3	3	0.9999854	9	0.0000076	5	0.0000037
4	1	4	0.7974723	5	0.0931492	3	0.0711954
4	2	4	0.9911619	5	0.0061190	9	0.0022475
4	3	4	0.9869291	5	0.0106608	0	0.0018092
5	1	5	0.8234045	1	0.1000373	8	0.0272323
5	2	5	0.9252307	8	0.0651841	4	0.0059257
5	3	5	0.9740845	8	0.0197645	9	0.0041224
6	1	6	0.8523517	2	0.1474070	1	0.0001206
6	2	6	0.9842229	2	0.0156532	8	0.0000391
6	3	6	0.9934426	2	0.0064701	8	0.0000732
7	1	7	0.9999628	1	0.0000139	0	0.0000117
7	2	7	0.9999995	9	0.0000005	5	0.0000001
7	3	7	0.9999999	9	0.0000002	5	0.0000000
8	1	8	0.7306494	1	0.1197576	9	0.0655251
8	2	8	0.9959804	9	0.0027126	5	0.0012012
8	3	8	0.9970052	5	0.0011501	0	0.0011175
9	1	9	0.8508086	2	0.0504205	1	0.0319507
9	2	9	0.8028092	8	0.1819768	0	0.0140086
9	3	9	0.9348174	4	0.0595972	0	0.0022575
Total Errors: 7
By AS Type:
random: 4
entropy: 3
OG: 0
By M Type:
Free: 0
Fixed: 0
Rev: 0
Pris: 0
RevPrisL: 1
PrisPrisL: 2
Rev2: 0
Pris2: 0
RevPrisL2: 1
PrisPrisL2: 3
Time per step:
Random: 0.27278633
Entropy: 5.636267
OG: 0.26843468
